# File produced by Open Asset Import Library (http://www.assimp.sf.net)
# (assimp v3.1.168534952)

mtllib ibot.mtl

# 826 vertex positions
v  -6.4166 15.4826 5.01605
v  -6.57253 14.2351 3.14492
v  -2.51843 15.1707 5.17197
v  -2.51843 13.9233 3.14492
v  -6.72846 12.0522 2.20936
v  -2.67436 11.7403 2.20936
v  -4.38955 -1.82533 6.88717
v  -8.28773 10.181 18.8935
v  -9.06736 -1.66941 7.0431
v  -3.60992 10.0251 18.7376
v  3.87457 7.84214 -17.5934
v  8.55238 7.84214 -17.5934
v  8.24053 -0.266063 -2.7803
v  3.56272 -0.266063 -2.93623
v  -14.5248 24.5263 -1.37696
v  -14.6807 26.0856 -0.441395
v  -14.3689 26.2415 -1.37696
v  -14.8367 25.15 0.33824
v  -14.8367 24.2145 0.33824
v  -14.8367 23.2789 -0.129541
v  -14.6807 22.8111 -1.22103
v  -14.5248 23.123 -2.15659
v  -14.213 23.9026 -2.93623
v  -14.213 24.9941 -2.93623
v  -14.213 25.7737 -2.46845
v  12.1387 27.8008 12.9683
v  12.4506 28.1126 11.2531
v  12.1387 29.0482 11.7209
v  11.9828 29.516 12.6565
v  11.8268 29.3601 13.748
v  11.6709 28.5804 14.3717
v  11.8268 27.4889 14.5276
v  11.9828 26.5534 14.0598
v  12.1387 26.0856 13.1242
v  12.2946 26.3974 12.0328
v  12.4506 27.1771 11.4091
v  11.8268 27.333 13.2802
v  9.7998 27.1771 15.3072
v  10.8913 20.4722 12.5005
v  11.3591 27.6449 10.4735
v  10.7354 20.6281 9.69386
v  9.17609 20.3163 14.6835
v  9.02016 27.8008 9.69386
v  8.86424 20.7841 9.07015
v  7.46089 27.4889 14.5276
v  7.30497 20.4722 14.0598
v  -9.37922 24.5263 -0.441395
v  -10.7826 22.3433 1.11787
v  -8.75551 20.0044 -5.74291
v  -10.6266 26.3974 -2.31252
v  -9.69107 21.8756 -7.61403
v  -9.847 17.8215 -4.18364
v  5.12199 31.0753 8.44644
v  6.83718 31.0753 8.91422
v  6.99311 33.4142 7.82273
v  5.43384 33.4142 7.35495
v  5.27792 28.7363 7.82273
v  8.55238 32.4786 7.51088
v  8.39646 31.0753 8.13459
v  6.99311 28.7363 8.13459
v  8.55238 29.516 7.66681
v  7.61682 34.1938 5.63976
v  6.05755 34.1938 5.17197
v  8.86424 32.9464 6.10754
v  6.52533 32.9464 3.14492
v  8.24053 32.9464 3.61271
v  9.33202 32.1667 4.86012
v  5.90162 27.4889 5.79568
v  8.0846 28.2686 4.08049
v  7.46089 27.4889 6.26346
v  6.36941 28.2686 3.61271
v  9.17609 29.3601 5.01605
v  8.86424 28.7363 6.41939
v  -8.1318 31.0753 4.86012
v  -9.53514 33.4142 3.30085
v  -9.847 31.0753 4.39234
v  -7.97587 33.4142 3.76863
v  -7.97587 28.7363 4.23641
v  -10.6266 32.4786 2.20936
v  -9.69107 28.7363 3.76863
v  -10.9385 31.0753 2.989
v  -10.7826 29.516 2.52122
v  -8.91144 34.1938 1.11787
v  -7.35217 34.1938 1.58566
v  -10.3148 32.9464 0.961946
v  -10.0029 32.1667 -0.285469
v  -6.72846 32.9464 -0.441395
v  -8.44366 32.9464 -0.909176
v  -6.57253 30.6075 -1.0651
v  -8.28773 30.6075 -1.53288
v  -6.88439 28.2686 0.0263863
v  -9.847 30.7634 -0.753248
v  -8.59958 28.2686 -0.441395
v  -10.0029 29.3601 -0.129541
v  -3.60992 10.6488 5.17197
v  -2.98621 12.9877 1.74158
v  -3.45399 13.6114 7.19902
v  -2.83029 15.9503 3.61271
v  -5.7929 16.2622 3.30085
v  -6.4166 14.0792 6.88717
v  6.99311 27.6449 11.7209
v  7.14904 20.6281 11.2531
v  -14.3689 24.0585 -1.22103
v  -12.6537 19.6926 -6.36662
v  -13.2774 22.1874 0.650093
v  -12.9655 26.2415 -2.62437
v  -11.5622 21.7196 -7.92589
v  -11.874 17.6655 -4.4955
v  6.68126 30.6075 2.52122
v  8.39646 30.6075 2.989
v  9.33202 30.7634 4.39234
v  -7.50809 27.4889 2.20936
v  -9.06736 27.4889 1.74158
v  -10.4707 28.7363 1.2738
v  -6.57253 11.1166 4.86012
v  -5.94882 13.4555 1.42973
v  -14.3689 24.6822 -1.22103
v  -13.5892 24.0585 1.42973
v  -14.3689 31.0753 0.33824
v  -12.6537 25.306 -3.40401
v  -12.4978 31.543 -2.00066
v  -13.5892 30.2956 2.989
v  -10.1589 25.15 -2.93623
v  -10.1589 31.3871 -1.53288
v  11.8268 27.9567 12.6565
v  12.7624 31.0753 7.19902
v  10.2676 30.1397 13.592
v  11.0472 25.6178 11.2531
v  11.9828 28.7363 5.63976
v  11.2031 33.2582 8.13459
v  8.70831 25.306 10.6294
v  9.64387 28.5804 5.17197
v  6.99311 27.4889 11.7209
v  7.92867 30.7634 6.10754
v  7.77275 29.8278 13.1242
v  8.70831 33.1023 7.66681
v  -11.2503 23.9026 2.05344
v  -11.0944 30.2956 3.45678
v  -9.53514 24.5263 -0.285469
v  -9.37922 30.7634 1.2738
v  8.39646 6.28287 -4.33957
v  8.24053 3.16433 -2.46845
v  8.39646 8.62177 -8.70552
v  8.55238 9.08955 -15.2545
v  -3.60992 10.337 12.0328
v  -3.60992 11.4285 15.4632
v  -3.92177 6.75065 8.60237
v  -4.23363 0.669499 6.26346
v  3.56272 3.16433 -2.46845
v  3.56272 6.28287 -4.4955
v  3.71865 8.62177 -8.86145
v  3.87457 9.08955 -15.4104
v  -8.28773 11.5844 15.6191
v  -8.44366 10.4929 12.1887
v  -8.59958 7.0625 8.7583
v  -8.91144 0.825426 6.41939
v  -8.59958 14.8589 12.3446
v  -7.66402 16.73 5.63976
v  -8.28773 11.2725 4.08049
v  -9.22329 6.59472 7.19902
v  -8.91144 12.364 11.8768
v  -8.75551 14.0792 12.8124
v  -9.53514 5.81509 12.0328
v  -9.37922 8.62177 13.9039
v  8.70831 7.53028 -0.129541
v  8.39646 14.2351 -6.05477
v  7.92867 14.3911 -0.285469
v  9.02016 9.86919 -9.48516
v  8.86424 7.0625 -2.7803
v  8.86424 6.75065 -0.753248
v  9.33202 5.03545 -8.86145
v  9.17609 3.94396 -5.74291
v  2.3153 6.75065 -0.597322
v  1.53567 13.6114 -0.753248
v  1.84752 13.4555 -6.52255
v  2.62716 9.08955 -9.95294
v  2.47123 6.28287 -3.24808
v  2.3153 5.97101 -1.22103
v  3.40679 4.25582 -9.32923
v  3.25087 3.32026 -6.21069
v  -2.20658 14.0792 12.9683
v  -1.89472 10.337 4.70419
v  -1.27102 15.7944 6.26346
v  -2.83029 5.81509 7.82273
v  -2.51843 11.4285 12.5005
v  -2.3625 13.2996 13.4361
v  -3.60992 5.03545 12.6565
v  -3.45399 7.84214 14.5276
v  6.68126 36.8446 6.10754
v  6.52533 37.6242 6.26346
v  6.05755 37.7801 8.29051
v  5.43384 30.7634 10.3176
v  7.77275 35.1294 1.89751
v  7.92867 29.3601 1.42973
v  7.46089 26.3974 3.14492
v  5.7457 26.8652 9.382
v  -6.57253 12.9877 1.11787
v  -2.67436 12.6759 1.11787
v  -2.20658 17.0418 -0.441395
v  -2.20658 18.2892 4.23641
v  7.61682 17.3537 9.22608
v  11.8268 17.0418 10.4735
v  6.52533 17.0418 12.8124
v  11.2031 18.4452 8.7583
v  9.02016 18.6011 8.13459
v  10.7354 16.73 14.2157
v  9.02016 17.9774 15.3072
v  6.83718 18.1333 14.6835
v  -8.1318 19.3807 -9.64108
v  -11.2503 21.0959 -10.1089
v  -9.06736 21.2519 -9.79701
v  -8.28773 16.4181 -7.14625
v  -12.3418 19.0689 -10.2648
v  -9.22329 15.9503 -5.43106
v  -11.5622 15.6385 -5.74291
v  -12.4978 16.1063 -7.76996
v  -9.69107 21.8756 1.74158
v  -9.69107 25.4619 2.67714
v  -9.847 23.5908 2.83307
v  -9.37922 21.0959 0.0263863
v  -9.37922 27.0212 1.42973
v  -9.06736 21.5637 -1.84474
v  -8.75551 22.9671 -3.09215
v  -8.59958 24.9941 -3.24808
v  -9.06736 27.4889 -0.441395
v  -8.75551 26.7093 -2.31252
v  6.05755 28.7363 14.6835
v  6.21348 30.1397 13.2802
v  6.52533 30.6075 11.4091
v  6.21348 26.7093 14.8394
v  6.99311 29.8278 9.69386
v  6.52533 24.9941 13.9039
v  6.99311 24.2145 12.1887
v  7.30497 24.6822 10.3176
v  7.30497 28.1126 8.7583
v  7.46089 26.0856 8.91422
v  6.21348 12.0522 9.382
v  7.92867 12.364 9.84978
v  6.68126 13.1437 9.53793
v  7.92867 11.1166 9.69386
v  9.64387 11.5844 10.3176
v  9.48794 14.0792 10.6294
v  8.70831 12.8318 10.1616
v  10.7354 13.2996 10.9413
v  -6.4166 15.3266 -12.9156
v  -6.88439 15.9503 -12.2918
v  -8.1318 15.4826 -12.7596
v  -7.97587 14.547 -13.8511
v  -9.06736 15.6385 -12.6037
v  -9.847 14.8589 -13.6952
v  -10.0029 16.4181 -11.6681
v  -11.2503 15.9503 -12.2918
v  -8.75551 13.9233 -9.79701
v  -8.28773 14.547 -9.01738
v  -7.50809 14.3911 -9.1733
v  -7.97587 13.2996 -10.4207
v  -9.53514 13.7674 -9.95294
v  -9.53514 12.9877 -11.0444
v  -11.0944 13.6114 -10.4207
v  -10.4707 14.0792 -9.48516
v  8.24053 11.5844 12.9683
v  8.86424 14.2351 13.4361
v  7.61682 13.1437 12.8124
v  9.7998 13.1437 13.592
v  6.36941 11.5844 12.3446
v  6.99311 12.9877 12.6565
v  5.43384 13.2996 12.1887
v  6.36941 13.9233 12.5005
v  -8.75551 13.1437 -9.1733
v  -7.50809 13.4555 -8.5496
v  -8.44366 13.7674 -8.39367
v  -7.97587 12.5199 -9.79701
v  -9.53514 12.9877 -9.32923
v  -9.53514 12.2081 -10.4207
v  -11.0944 12.6759 -9.79701
v  -10.4707 13.2996 -9.01738
v  7.30497 11.2725 9.84978
v  6.05755 12.9877 9.53793
v  7.77275 12.8318 10.1616
v  6.99311 13.7674 10.0057
v  9.48794 11.4285 10.6294
v  8.39646 12.9877 10.3176
v  9.48794 14.2351 10.7853
v  10.8913 13.2996 11.2531
v  -9.53514 12.6759 -11.6681
v  -9.06736 13.7674 -10.4207
v  -10.4707 14.3911 -9.64108
v  -11.2503 13.7674 -10.5766
v  -7.50809 12.8318 -11.5122
v  -6.72846 13.9233 -10.1089
v  -8.28773 13.7674 -10.4207
v  -7.81995 14.2351 -9.64108
v  6.83718 13.6114 14.0598
v  6.36941 14.547 13.9039
v  5.58977 14.0792 13.748
v  6.21348 12.5199 13.748
v  7.77275 12.0522 14.2157
v  7.61682 13.4555 14.2157
v  9.17609 12.9877 14.8394
v  8.55238 13.9233 14.5276
v  -6.26068 16.1063 -13.6952
v  -8.1318 16.4181 -13.6952
v  -6.88439 16.73 -12.9156
v  -7.97587 15.4826 -14.7867
v  -8.91144 16.574 -13.3833
v  -9.847 15.7944 -14.4748
v  -10.0029 17.3537 -12.4478
v  -11.2503 16.8859 -13.0715
v  6.52533 12.2081 8.29051
v  6.99311 13.1437 8.44644
v  8.24053 12.5199 8.60237
v  8.24053 11.1166 8.60237
v  9.02016 12.8318 9.07015
v  9.95572 11.5844 9.22608
v  9.7998 14.2351 9.382
v  11.0472 13.4555 9.69386
v  -8.28773 14.547 -11.5122
v  -6.57253 14.7029 -11.2004
v  -7.50809 15.1707 -10.7326
v  -7.66402 13.6114 -12.7596
v  -9.847 13.6114 -12.9156
v  -8.91144 14.7029 -11.5122
v  -10.1589 15.4826 -10.5766
v  -11.5622 14.7029 -11.5122
v  7.30497 12.8318 11.2531
v  6.52533 13.7674 11.0972
v  5.7457 12.8318 10.7853
v  6.99311 11.2725 11.0972
v  9.02016 11.2725 11.7209
v  8.0846 12.9877 11.565
v  9.02016 14.2351 12.0328
v  10.5794 13.2996 12.3446
v  -7.50809 14.7029 -13.5393
v  -8.1318 15.6385 -12.2918
v  -6.4166 15.6385 -12.1359
v  -7.35217 16.1063 -11.5122
v  -9.69107 14.547 -13.6952
v  -10.1589 16.4181 -11.3563
v  -8.91144 15.6385 -12.2918
v  -11.5622 15.7944 -12.2918
v  7.14904 13.6114 12.9683
v  6.05755 14.2351 12.6565
v  6.68126 14.547 12.9683
v  6.52533 12.6759 12.6565
v  7.92867 13.4555 13.2802
v  8.0846 12.2081 13.1242
v  9.48794 13.1437 13.748
v  8.70831 14.0792 13.592
v  8.55238 11.7403 11.8768
v  9.17609 14.3911 12.3446
v  10.2676 13.2996 12.5005
v  7.92867 13.1437 11.8768
v  6.68126 11.5844 11.2531
v  5.7457 13.4555 11.0972
v  7.30497 13.1437 11.565
v  6.68126 13.9233 11.565
v  -9.53514 13.6114 -12.2918
v  -11.2503 14.547 -11.2004
v  -10.3148 15.3266 -10.2648
v  -9.06736 14.547 -11.0444
v  -7.35217 13.7674 -12.1359
v  -8.28773 14.547 -11.0444
v  -6.72846 14.8589 -10.7326
v  -7.81995 15.0148 -10.2648
v  -14.8367 26.5534 -1.53288
v  -14.6807 26.0856 -2.62437
v  -14.9926 26.2415 -0.285469
v  -14.6807 27.4889 -1.53288
v  -14.5248 26.7093 -3.24808
v  -15.1485 27.0212 0.0263863
v  -15.3044 25.306 0.494165
v  -15.4604 25.6178 1.2738
v  -15.3044 24.0585 0.494165
v  -15.4604 23.9026 1.42973
v  -15.3044 22.9671 -0.129541
v  -15.4604 22.3433 0.494165
v  -15.1485 22.4993 -1.22103
v  -15.1485 21.7196 -1.22103
v  -14.8367 22.8111 -2.46845
v  -14.8367 22.0315 -2.93623
v  -14.6807 23.7467 -3.24808
v  -14.5248 23.4348 -4.02771
v  -14.5248 24.9941 -3.40401
v  -14.3689 25.15 -4.18364
v  12.7624 28.2686 11.0972
v  12.9183 27.0212 11.2531
v  12.6065 29.3601 11.565
v  12.2946 29.8278 12.8124
v  12.1387 29.6719 13.9039
v  11.9828 28.7363 14.8394
v  12.1387 27.4889 14.9954
v  12.2946 26.3974 14.3717
v  12.6065 25.7737 13.2802
v  12.7624 26.0856 12.0328
v  12.9183 28.4245 10.1616
v  13.0743 26.7093 10.4735
v  12.7624 29.9838 11.0972
v  12.2946 30.7634 12.6565
v  11.9828 30.2956 14.3717
v  11.8268 29.0482 15.6191
v  11.9828 27.333 15.775
v  12.2946 25.7737 14.9954
v  12.6065 24.9941 13.2802
v  12.9183 25.306 11.565
v  -7.97587 15.9503 -13.8511
v  -7.81995 17.1978 -14.7867
v  -7.19624 16.574 -14.163
v  -8.75551 16.574 -14.4748
v  8.24053 12.0522 8.7583
v  7.61682 12.2081 7.82273
v  8.55238 12.2081 7.19902
v  9.17609 12.0522 8.29051
v  9.64387 13.6114 9.22608
v  7.92867 18.1333 14.6835
v  9.48794 18.6011 10.0057
v  7.92867 13.1437 14.3717
v  -9.69107 17.0418 -12.9156
v  -10.3148 19.8485 -8.70552
v  -10.4707 16.1063 -5.74291
v  -9.847 12.8318 -9.48516
v  -14.5248 32.7904 -1.0651
v  -13.1215 34.3497 3.45678
v  -12.3418 35.2853 -0.441395
v  -15.1485 32.0108 2.05344
v  -9.37922 34.1938 4.08049
v  -8.59958 34.9734 0.33824
v  -12.3418 33.8819 -2.31252
v  -8.28773 33.726 -1.53288
v  -9.69107 32.1667 5.17197
v  -13.7452 32.3227 4.39234
v  -8.28773 31.3871 -2.00066
v  -10.1589 29.6719 -2.7803
v  -12.3418 28.7363 -3.55993
v  -10.1589 28.7363 -3.09215
v  -14.3689 28.4245 -2.00066
v  -13.7452 27.1771 3.14492
v  -14.9926 27.8008 1.11787
v  -9.69107 29.8278 4.54827
v  -11.5622 28.1126 3.76863
v  -11.5622 27.1771 3.61271
v  14.0098 30.4515 5.3279
v  12.2946 31.2312 2.52122
v  11.6709 34.6616 4.39234
v  13.3861 33.2582 6.88717
v  8.55238 30.9193 1.74158
v  7.92867 34.3497 3.61271
v  12.6065 29.0482 3.30085
v  8.55238 28.7363 2.52122
v  7.46089 34.8175 5.79568
v  11.515 35.1294 6.57532
v  8.24053 27.6449 4.54827
v  9.7998 26.8652 6.57532
v  11.8268 26.5534 7.82273
v  9.64387 26.3974 7.35495
v  13.0743 28.2686 9.07015
v  10.7354 32.6345 11.0972
v  12.6065 31.0753 10.6294
v  7.14904 33.726 7.82273
v  8.70831 32.9464 9.84978
v  8.55238 32.3227 10.6294
v  -8.44366 16.8859 -12.6037
v  -7.35217 17.8215 -12.9156
v  -9.847 17.1978 -10.7326
v  -7.97587 19.0689 -11.0444
v  -10.3148 19.2248 -8.23774
v  -9.06736 20.1604 -8.70552
v  8.39646 13.6114 9.07015
v  7.61682 13.9233 7.97866
v  9.17609 15.3266 10.4735
v  7.77275 16.1063 8.44644
v  9.17609 18.4452 10.7853
v  8.39646 18.6011 9.382
v  -9.06736 17.5096 -13.2274
v  -8.1318 18.2892 -13.5393
v  -10.4707 17.8215 -11.3563
v  -8.75551 19.6926 -11.6681
v  -11.0944 19.8485 -8.86145
v  -9.69107 20.7841 -9.48516
v  9.17609 13.6114 8.44644
v  8.70831 13.9233 7.35495
v  10.1117 15.3266 10.0057
v  8.86424 16.2622 7.82273
v  10.2676 18.4452 10.3176
v  9.33202 18.757 8.7583
v  3.71865 13.1437 -6.05477
v  3.56272 12.0522 -2.7803
v  3.09494 17.1978 -4.80735
v  6.68126 13.4555 -5.89884
v  2.93901 16.1063 -1.53288
v  6.05755 16.4181 -1.37696
v  6.52533 12.364 -2.46845
v  6.05755 17.5096 -4.65142
v  -11.2503 13.6114 -10.5766
v  -12.3418 16.73 -6.8344
v  -11.4063 13.7674 -10.7326
v  -11.4063 14.7029 -11.5122
v  -12.1859 17.8215 -7.61403
v  -11.5622 14.8589 -11.6681
v  -11.2503 15.7944 -12.2918
v  -11.5622 15.6385 -12.1359
v  -12.1859 18.757 -8.39367
v  -12.03 16.1063 -6.05477
v  -12.03 19.8485 -9.1733
v  9.64387 13.1437 13.592
v  9.95572 13.1437 13.4361
v  10.1117 18.1333 14.0598
v  10.2676 13.1437 12.3446
v  10.5794 13.2996 12.1887
v  10.5794 18.1333 12.9683
v  10.7354 13.2996 11.0972
v  10.8913 18.2892 11.7209
v  10.8913 13.2996 11.4091
v  9.48794 18.1333 14.9954
v  11.2031 18.4452 10.4735
v  11.0472 13.4555 9.84978
v  5.90162 23.9026 13.2802
v  7.14904 24.0585 9.382
v  9.33202 25.306 8.29051
v  11.6709 25.15 9.07015
v  12.7624 23.7467 11.0972
v  11.515 23.4348 15.1513
v  9.33202 24.6822 16.2428
v  6.99311 24.8382 15.4632
v  -8.44366 20.6281 -1.84474
v  -8.28773 23.7467 -4.4955
v  -10.0029 25.7737 -4.80735
v  -12.4978 25.6178 -5.27513
v  -14.057 23.2789 -5.43106
v  -14.213 20.1604 -2.7803
v  -12.8096 19.6926 -0.441395
v  -10.3148 19.8485 -0.129541
v  12.2946 30.1397 10.7853
v  12.6065 28.4245 9.84978
v  11.8268 31.0753 12.5005
v  12.7624 26.5534 10.0057
v  12.6065 24.9941 11.4091
v  12.2946 24.6822 13.2802
v  11.8268 25.4619 14.9954
v  11.515 27.1771 15.9309
v  11.3591 29.2041 15.775
v  11.515 30.6075 14.3717
v  -14.6807 27.333 0.33824
v  -14.3689 27.8008 -1.53288
v  -14.9926 25.7737 1.58566
v  -14.057 27.0212 -3.40401
v  -13.9011 25.306 -4.33957
v  -14.057 23.2789 -4.18364
v  -14.3689 21.8756 -2.93623
v  -14.8367 21.4078 -1.0651
v  -15.1485 22.1874 0.806021
v  -15.1485 23.9026 1.74158
v  -5.16919 18.4452 4.23641
v  -5.16919 17.1978 -0.441395
v  -5.16919 18.757 3.30085
v  -5.01326 20.4722 -0.285469
v  -5.01326 21.0959 2.20936
v  -6.26068 18.6011 4.23641
v  -5.94882 20.6281 -0.285469
v  -5.94882 21.0959 2.05344
v  -6.26068 18.913 3.30085
v  -5.7929 17.8215 1.74158
v  -5.32512 18.1333 2.67714
v  -5.63697 19.6926 1.11787
v  -5.32512 17.5096 0.650093
v  -5.16919 19.3807 0.182312
v  -5.16919 19.8485 2.20936
v  -2.67436 17.6655 1.74158
v  -2.51843 19.3807 1.2738
v  -3.14214 17.9774 2.83307
v  -2.98621 19.6926 2.20936
v  -3.45399 20.4722 1.58566
v  -3.14214 17.3537 0.650093
v  -2.98621 19.2248 0.182312
v  -3.45399 20.0044 0.33824
v  -3.14214 20.1604 0.961946
v  -4.70141 20.4722 1.58566
v  -4.70141 20.1604 0.33824
v  -5.01326 20.3163 0.961946
v  -4.0777 20.6281 0.961946
v  -4.0777 20.4722 1.89751
v  -4.0777 20.0044 0.0263863
v  -4.23363 18.1333 3.14492
v  -4.0777 19.8485 2.67714
v  -4.23363 17.3537 0.182312
v  -4.0777 19.0689 -0.285469
v  -6.26068 17.3537 -0.441395
v  5.27792 16.2622 1.11787
v  5.12199 17.1978 1.11787
v  5.12199 20.4722 -1.53288
v  4.81013 21.2519 1.74158
v  4.81013 19.0689 2.989
v  6.21348 16.4181 1.11787
v  6.68126 14.7029 -1.53288
v  2.62716 14.2351 -2.00066
v  2.3153 15.9503 0.806021
v  6.68126 16.2622 -3.24808
v  2.78308 15.7944 -3.55993
v  6.83718 16.574 -5.74291
v  2.93901 16.1063 -6.05477
v  5.7457 21.2519 1.74158
v  5.90162 19.0689 2.989
v  6.21348 17.3537 1.11787
v  2.15938 20.1604 -1.84474
v  5.27792 17.6655 0.182312
v  5.12199 18.6011 1.89751
v  4.18643 17.1978 0.33824
v  4.18643 19.6926 -1.22103
v  3.09494 19.2248 -1.0651
v  3.87457 20.6281 0.33824
v  2.78308 20.1604 0.494165
v  3.09494 20.3163 1.42973
v  3.87457 20.6281 1.2738
v  4.49828 20.4722 1.58566
v  5.27792 19.3807 -0.909176
v  4.96606 20.4722 0.650093
v  4.81013 19.8485 1.89751
v  3.87457 20.0044 2.05344
v  4.49828 19.3807 2.20936
v  3.87457 19.0689 2.36529
v  3.25087 19.2248 2.05344
v  2.93901 19.6926 1.74158
v  5.7457 18.6011 -0.285469
v  5.43384 19.5367 1.2738
v  4.0305 18.1333 1.89751
v  3.09494 17.3537 0.0263863
v  2.93901 18.4452 1.58566
v  2.62716 18.2892 -0.597322
v  2.47123 19.2248 0.961946
v  6.68126 17.8215 -5.1192
v  6.05755 20.4722 -1.37696
v  2.78308 17.3537 -5.43106
v  0.756035 17.0418 -1.53288
v  0.756035 17.0418 4.23641
v  -0.959162 17.0418 4.23641
v  -0.959162 17.0418 -1.53288
v  -0.959162 19.2248 -3.40401
v  -1.42694 22.0315 -3.55993
v  1.22382 22.0315 -3.55993
v  0.911963 19.2248 -3.40401
v  -0.959162 19.2248 5.95161
v  1.22382 21.8756 6.10754
v  -1.42694 21.8756 6.10754
v  0.911963 19.2248 5.95161
v  -5.48104 19.5367 1.2738
v  -5.16919 19.5367 2.20936
v  -5.16919 20.1604 1.89751
v  -5.16919 20.4722 1.2738
v  -5.16919 20.1604 0.494165
v  -5.16919 19.5367 0.33824
v  -5.16919 18.757 0.494165
v  -5.16919 18.6011 1.2738
v  -5.16919 18.757 1.89751
v  5.27792 19.5367 1.2738
v  4.96606 20.1604 1.89751
v  4.96606 19.5367 2.20936
v  4.96606 20.4722 1.2738
v  4.96606 20.1604 0.494165
v  4.96606 19.5367 0.33824
v  4.96606 18.757 0.494165
v  4.96606 18.6011 1.2738
v  4.96606 18.757 1.89751
v  -4.0777 19.5367 2.67714
v  -4.0777 20.6281 2.36529
v  -4.0777 18.4452 2.36529
v  3.87457 19.5367 2.67714
v  3.87457 20.6281 2.36529
v  3.87457 18.4452 2.36529
v  -4.0777 21.0959 1.2738
v  3.87457 21.0959 1.2738
v  -4.0777 20.6281 0.182312
v  3.87457 20.6281 0.182312
v  -4.0777 19.5367 -0.285469
v  -4.0777 18.4452 0.182312
v  3.87457 19.5367 -0.285469
v  3.87457 18.4452 0.182312
v  -4.0777 17.9774 1.2738
v  3.87457 17.9774 1.2738
v  -1.42694 20.4722 1.2738
v  1.22382 20.4722 1.2738
v  -2.67436 18.913 1.2738
v  -2.3625 18.913 2.52122
v  -5.01326 21.8756 1.2738
v  -2.3625 18.913 -0.129541
v  -4.38955 21.8756 3.61271
v  -2.51843 21.8756 5.48383
v  -1.42694 18.913 3.45678
v  -4.38955 21.8756 -1.22103
v  -1.42694 18.913 -1.0651
v  -2.51843 21.8756 -2.93623
v  -0.0235996 18.913 -1.37696
v  -0.0235996 21.8756 -3.71586
v  1.22382 18.913 -1.0651
v  2.47123 21.8756 -2.93623
v  2.15938 18.913 -0.129541
v  4.18643 21.8756 -1.22103
v  4.81013 21.8756 1.2738
v  2.47123 18.913 1.2738
v  2.15938 18.913 2.52122
v  4.18643 21.8756 3.61271
v  2.47123 21.8756 5.48383
v  1.22382 18.913 3.45678
v  -0.0235996 21.8756 6.10754
v  -0.0235996 18.913 3.76863
v  4.65421 21.8756 -1.53288
v  5.43384 21.8756 1.2738
v  4.65421 21.8756 3.92456
v  2.62716 21.8756 5.95161
v  2.62716 21.8756 -3.40401
v  -0.0235996 21.8756 6.57532
v  -0.0235996 21.8756 -4.18364
v  -2.83029 21.8756 5.95161
v  -2.83029 21.8756 -3.40401
v  -4.85734 21.8756 3.92456
v  -4.85734 21.8756 -1.53288
v  -5.63697 21.8756 1.2738
v  5.12199 22.6552 1.2738
v  4.34235 22.6552 3.76863
v  4.34235 22.6552 -1.37696
v  2.47123 22.6552 5.63976
v  -0.0235996 22.6552 6.41939
v  -2.67436 22.6552 5.63976
v  -4.54548 22.6552 3.76863
v  -5.16919 22.6552 1.2738
v  -4.54548 22.6552 -1.37696
v  -2.67436 22.6552 -3.24808
v  -0.0235996 22.6552 -3.87179
v  2.47123 22.6552 -3.24808
v  4.65421 22.6552 1.2738
v  4.49828 23.5908 1.2738
v  3.09494 23.5908 4.39234
v  3.25087 22.6552 4.54827
v  3.09494 23.5908 -2.00066
v  2.78308 25.15 1.2738
v  -0.0235996 22.6552 5.95161
v  1.84752 25.15 3.14492
v  -0.0235996 25.7737 1.2738
v  1.84752 25.15 -0.753248
v  -0.0235996 25.15 4.08049
v  -0.0235996 23.5908 5.79568
v  -2.05065 25.15 3.14492
v  -3.29807 23.5908 4.39234
v  -2.83029 25.15 1.2738
v  -4.85734 22.6552 1.2738
v  -3.45399 22.6552 4.54827
v  -4.70141 23.5908 1.2738
v  -2.05065 25.15 -0.753248
v  -3.29807 23.5908 -2.00066
v  -0.0235996 25.15 -1.53288
v  -0.0235996 23.5908 -3.24808
v  -0.0235996 22.6552 -3.55993
v  -3.45399 22.6552 -2.15659
v  3.25087 22.6552 -2.15659
v  -2.20658 34.0379 -1.37696
v  3.09494 34.0379 0.0263863
v  -2.20658 33.2582 -1.84474
v  3.25087 33.2582 -0.441395
v  4.65421 31.543 -5.89884
v  -0.647307 31.543 -7.30218
v  5.43384 27.9567 -8.39367
v  -0.0235996 27.9567 -9.95294
v  4.96606 26.3974 -6.67847
v  -0.491381 26.3974 -8.08182
v  4.49828 25.7737 -4.80735
v  -0.959162 25.7737 -6.36662
v  4.18643 23.123 -4.18364
v  -1.11509 23.123 -5.58698
v  3.87457 22.9671 -2.93623
v  3.09494 26.2415 0.0263863
v  2.3153 26.3974 2.83307
v  1.53567 23.9026 6.26346
v  1.37974 35.2853 6.41939
v  1.06789 28.1126 7.82273
v  -1.42694 22.9671 -4.33957
v  -2.20658 26.2415 -1.53288
v  -2.98621 26.3974 1.42973
v  -3.92177 23.9026 4.70419
v  -4.0777 35.2853 5.01605
v  -4.38955 28.1126 6.26346
v  -1.42694 34.0379 0.33824
v  -2.67436 35.1294 5.17197
v  -1.7388 35.4412 1.42973
v  -2.67436 36.2208 5.01605
v  0.132327 35.1294 5.95161
v  0.288254 36.2208 5.79568
v  1.22382 35.4412 2.20936
v  1.53567 34.0379 1.11787
v  1.84752 36.8446 4.86012
v  1.22382 37.7801 7.0431
v  1.6916 37.6242 5.01605
v  0.600107 30.7634 9.07015
v  2.93901 35.1294 0.650093
v  3.09494 29.3601 0.182312
v  2.62716 26.3974 1.89751
v  0.911963 26.8652 8.13459
v  1.22382 30.9193 8.91422
v  1.53567 32.6345 10.9413
v  1.6916 37.3123 7.19902
v  1.6916 36.5327 10.0057
v  4.81013 30.9193 9.84978
v  3.71865 32.6345 11.4091
v  3.87457 36.5327 10.6294
v  5.27792 37.3123 8.13459
v  -8.28773 36.8446 2.20936
v  -8.91144 37.7801 4.39234
v  -8.44366 37.6242 2.20936
v  -9.53514 30.7634 6.26346
v  -7.19624 35.1294 -2.00066
v  -7.04031 29.3601 -2.62437
v  -7.50809 26.3974 -0.909176
v  -9.22329 26.8652 5.3279
v  -3.45399 36.8446 3.45678
v  -3.60992 37.6242 3.61271
v  -4.0777 37.7801 5.63976
v  -4.70141 30.7634 7.51088
v  -2.3625 35.1294 -0.753248
v  -2.20658 29.3601 -1.22103
v  -2.67436 26.3974 0.494165
v  -4.38955 26.8652 6.73125
v  -5.01326 30.9193 7.19902
v  -4.54548 37.3123 5.48383
v  -6.26068 32.6345 8.7583
v  -6.10475 36.5327 7.97866
v  -8.59958 30.9193 6.26346
v  -8.44366 32.6345 8.29051
v  -8.28773 36.5327 7.35495
v  -8.1318 37.3123 4.54827

# 669 UV coordinates
vt 0.378906 0.234375 0
vt 0.378906 0.226562 0
vt 0.445312 0.234375 0
vt 0.445312 0.226562 0
vt 0.378906 0.191406 0
vt 0.445312 0.191406 0
vt 0.339844 0.992188 0
vt 0.375 0.902344 0
vt 0.375 0.992188 0
vt 0.339844 0.902344 0
vt 0.253906 0.695312 0
vt 0.265625 0.734375 0
vt 0.242188 0.734375 0
vt 0.285156 0.71875 0
vt 0.292969 0.695312 0
vt 0.285156 0.671875 0
vt 0.265625 0.65625 0
vt 0.242188 0.65625 0
vt 0.222656 0.671875 0
vt 0.21875 0.695312 0
vt 0.222656 0.71875 0
vt 0.242188 0.738281 0
vt 0.265625 0.738281 0
vt 0.28125 0.722656 0
vt 0.289062 0.695312 0
vt 0.28125 0.671875 0
vt 0.214844 0.695312 0
vt 0.222656 0.722656 0
vt 0.976562 0.992188 0
vt 0.976562 0.980469 0
vt 0.980469 0.992188 0
vt 0.980469 0.980469 0
vt 0.976562 0.976562 0
vt 0.976562 0.96875 0
vt 0.984375 0.980469 0
vt 0.984375 0.992188 0
vt 0.984375 0.972656 0
vt 0.984375 0.988281 0
vt 0.984375 0.976562 0
vt 0.980469 0.988281 0
vt 0.980469 0.984375 0
vt 0.980469 0.972656 0
vt 0.980469 0.976562 0
vt 0.992188 0.984375 0
vt 0.992188 0.988281 0
vt 0.992188 0.976562 0
vt 0.992188 0.980469 0
vt 0.988281 0.980469 0
vt 0.988281 0.988281 0
vt 0.988281 0.976562 0
vt 0.988281 0.992188 0
vt 0.992188 0.992188 0
vt 0.515625 0.0078125 0
vt 0.464844 0.0625 0
vt 0.5 0.0429688 0
vt 0.410156 0.0625 0
vt 0.324219 0.0078125 0
vt 0.339844 0.0351562 0
vt 0.34375 0.0351562 0
vt 0.664062 0.0859375 0
vt 0.628906 0.195312 0
vt 0.535156 0.167969 0
vt 0.503906 0.0820312 0
vt 0.625 0.0664062 0
vt 0.65625 0.0742188 0
vt 0.535156 0.0078125 0
vt 0.589844 0.0078125 0
vt 0.363281 0.0898438 0
vt 0.324219 0.195312 0
vt 0.234375 0.167969 0
vt 0.199219 0.0820312 0
vt 0.320312 0.0703125 0
vt 0.355469 0.0742188 0
vt 0.234375 0.0078125 0
vt 0.289062 0.0078125 0
vt 0.804688 0.078125 0
vt 0.792969 0.0742188 0
vt 0.792969 0.03125 0
vt 0.921875 0.00390625 0
vt 0.832031 0.167969 0
vt 0.9375 0.1875 0
vt 0.992188 0.15625 0
vt 0.992188 0.03125 0
vt 0.371094 0.324219 0
vt 0.390625 0.363281 0
vt 0.355469 0.347656 0
vt 0.394531 0.363281 0
vt 0.367188 0.320312 0
vt 0.429688 0.375 0
vt 0.351562 0.441406 0
vt 0.355469 0.34375 0
vt 0.429688 0.441406 0
vt 0.210938 0.894531 0
vt 0.15625 0.894531 0
vt 0.210938 0.9375 0
vt 0.171875 0.875 0
vt 0.195312 0.875 0
vt 0.15625 0.9375 0
vt 0.171875 0.957031 0
vt 0.195312 0.957031 0
vt 0.171875 0.0390625 0
vt 0.171875 0.015625 0
vt 0.0976562 0.0390625 0
vt 0.0976562 0.015625 0
vt 0.0820312 0.675781 0
vt 0.0820312 0.722656 0
vt 0.0898438 0.699219 0
vt 0.0625 0.660156 0
vt 0.0625 0.738281 0
vt 0.0351562 0.660156 0
vt 0.015625 0.675781 0
vt 0.0078125 0.699219 0
vt 0.0351562 0.738281 0
vt 0.015625 0.722656 0
vt 0.00390625 0.9375 0
vt 0.0234375 0.960938 0
vt 0.00390625 0.960938 0
vt 0.0234375 0.9375 0
vt 0.0390625 0.9375 0
vt 0.0585938 0.960938 0
vt 0.0390625 0.960938 0
vt 0.0585938 0.9375 0
vt 0.144531 0.726562 0
vt 0.15625 0.726562 0
vt 0.144531 0.730469 0
vt 0.128906 0.71875 0
vt 0.15625 0.730469 0
vt 0.167969 0.71875 0
vt 0.140625 0.738281 0
vt 0.160156 0.738281 0
vt 0.136719 0.75 0
vt 0.125 0.722656 0
vt 0.113281 0.734375 0
vt 0.164062 0.75 0
vt 0.175781 0.722656 0
vt 0.1875 0.734375 0
vt 0.183594 0.703125 0
vt 0.195312 0.703125 0
vt 0.175781 0.683594 0
vt 0.1875 0.675781 0
vt 0.160156 0.671875 0
vt 0.164062 0.65625 0
vt 0.140625 0.671875 0
vt 0.136719 0.65625 0
vt 0.125 0.683594 0
vt 0.113281 0.675781 0
vt 0.121094 0.703125 0
vt 0.105469 0.703125 0
vt 0.171875 0.71875 0
vt 0.171875 0.703125 0
vt 0.175781 0.703125 0
vt 0.167969 0.691406 0
vt 0.171875 0.6875 0
vt 0.15625 0.683594 0
vt 0.15625 0.679688 0
vt 0.144531 0.683594 0
vt 0.144531 0.679688 0
vt 0.132812 0.691406 0
vt 0.128906 0.6875 0
vt 0.128906 0.703125 0
vt 0.125 0.703125 0
vt 0.132812 0.71875 0
vt 0.0195312 0.925781 0
vt 0.00390625 0.902344 0
vt 0.0195312 0.902344 0
vt 0.00390625 0.925781 0
vt 0.460938 0.785156 0
vt 0.386719 0.785156 0
vt 0.386719 0.824219 0
vt 0.460938 0.824219 0
vt 0.386719 0.875 0
vt 0.460938 0.875 0
vt 0.386719 0.917969 0
vt 0.460938 0.917969 0
vt 0.390625 0.957031 0
vt 0.460938 0.957031 0
vt 0.390625 0.992188 0
vt 0.460938 0.992188 0
vt 0.472656 0.785156 0
vt 0.542969 0.824219 0
vt 0.542969 0.785156 0
vt 0.472656 0.824219 0
vt 0.542969 0.875 0
vt 0.472656 0.875 0
vt 0.542969 0.917969 0
vt 0.472656 0.917969 0
vt 0.542969 0.957031 0
vt 0.472656 0.957031 0
vt 0.542969 0.992188 0
vt 0.472656 0.992188 0
vt 0.0351562 0.871094 0
vt 0.0820312 0.929688 0
vt 0.0351562 0.929688 0
vt 0.0820312 0.871094 0
vt 0.332031 0.589844 0
vt 0.390625 0.628906 0
vt 0.332031 0.628906 0
vt 0.390625 0.589844 0
vt 0.390625 0.691406 0
vt 0.332031 0.691406 0
vt 0.304688 0.589844 0
vt 0.304688 0.628906 0
vt 0.234375 0.628906 0
vt 0.234375 0.589844 0
vt 0.484375 0.628906 0
vt 0.417969 0.628906 0
vt 0.484375 0.589844 0
vt 0.417969 0.589844 0
vt 0.234375 0.554688 0
vt 0.273438 0.53125 0
vt 0.304688 0.519531 0
vt 0.332031 0.519531 0
vt 0.417969 0.519531 0
vt 0.390625 0.519531 0
vt 0.484375 0.558594 0
vt 0.449219 0.53125 0
vt 0.414062 0.769531 0
vt 0.3125 0.75 0
vt 0.414062 0.75 0
vt 0.3125 0.769531 0
vt 0.3125 0.734375 0
vt 0.414062 0.734375 0
vt 0.414062 0.710938 0
vt 0.3125 0.710938 0
vt 0.3125 0.464844 0
vt 0.410156 0.464844 0
vt 0.410156 0.496094 0
vt 0.3125 0.496094 0
vt 0.265625 0.53125 0
vt 0.265625 0.519531 0
vt 0.453125 0.53125 0
vt 0.453125 0.519531 0
vt 0.0234375 0.972656 0
vt 0.00390625 0.996094 0
vt 0.00390625 0.972656 0
vt 0.0234375 0.996094 0
vt 0.0390625 0.972656 0
vt 0.0390625 0.996094 0
vt 0.0585938 0.972656 0
vt 0.0585938 0.996094 0
vt 0.976562 0.988281 0
vt 0.984375 0.984375 0
vt 0.105469 0.941406 0
vt 0.105469 0.996094 0
vt 0.09375 0.941406 0
vt 0.09375 0.996094 0
vt 0.0820312 0.941406 0
vt 0.0820312 0.996094 0
vt 0.117188 0.996094 0
vt 0.117188 0.941406 0
vt 0.0703125 0.996094 0
vt 0.0703125 0.941406 0
vt 0.117188 0.871094 0
vt 0.0898438 0.929688 0
vt 0.117188 0.929688 0
vt 0.0898438 0.871094 0
vt 0.140625 0.96875 0
vt 0.140625 0.964844 0
vt 0.140625 0.957031 0
vt 0.140625 0.980469 0
vt 0.140625 0.976562 0
vt 0.140625 0.953125 0
vt 0.140625 0.996094 0
vt 0.128906 0.941406 0
vt 0.128906 0.996094 0
vt 0.140625 0.941406 0
vt 0.289062 0.765625 0
vt 0.269531 0.859375 0
vt 0.269531 0.765625 0
vt 0.222656 0.765625 0
vt 0.222656 0.859375 0
vt 0.199219 0.765625 0
vt 0.199219 0.859375 0
vt 0.164062 0.765625 0
vt 0.164062 0.859375 0
vt 0.136719 0.859375 0
vt 0.136719 0.765625 0
vt 0.09375 0.859375 0
vt 0.09375 0.765625 0
vt 0.0664062 0.765625 0
vt 0.0664062 0.859375 0
vt 0.03125 0.765625 0
vt 0.03125 0.859375 0
vt 0.0078125 0.859375 0
vt 0.238281 0.972656 0
vt 0.273438 0.972656 0
vt 0.273438 0.878906 0
vt 0.238281 0.878906 0
vt 0.222656 0.957031 0
vt 0.289062 0.957031 0
vt 0.289062 0.894531 0
vt 0.222656 0.894531 0
vt 0.40625 0.0820312 0
vt 0.417969 0.0820312 0
vt 0.417969 0.171875 0
vt 0.410156 0.171875 0
vt 0.398438 0.0820312 0
vt 0.429688 0.078125 0
vt 0.429688 0.171875 0
vt 0.441406 0.078125 0
vt 0.441406 0.171875 0
vt 0.453125 0.078125 0
vt 0.453125 0.171875 0
vt 0.464844 0.078125 0
vt 0.464844 0.167969 0
vt 0.472656 0.078125 0
vt 0.472656 0.167969 0
vt 0.484375 0.078125 0
vt 0.484375 0.167969 0
vt 0.398438 0.171875 0
vt 0.386719 0.0820312 0
vt 0.386719 0.171875 0
vt 0.378906 0.0820312 0
vt 0.378906 0.171875 0
vt 0.40625 0.078125 0
vt 0.417969 0.078125 0
vt 0.40625 0.171875 0
vt 0.394531 0.078125 0
vt 0.464844 0.171875 0
vt 0.476562 0.171875 0
vt 0.476562 0.078125 0
vt 0.488281 0.171875 0
vt 0.488281 0.078125 0
vt 0.394531 0.171875 0
vt 0.382812 0.078125 0
vt 0.375 0.078125 0
vt 0.375 0.171875 0
vt 0.324219 0.894531 0
vt 0.308594 0.894531 0
vt 0.324219 0.875 0
vt 0.324219 0.914062 0
vt 0.308594 0.914062 0
vt 0.308594 0.875 0
vt 0.324219 0.859375 0
vt 0.308594 0.859375 0
vt 0.324219 0.84375 0
vt 0.308594 0.84375 0
vt 0.324219 0.824219 0
vt 0.308594 0.824219 0
vt 0.308594 0.929688 0
vt 0.324219 0.929688 0
vt 0.308594 0.945312 0
vt 0.324219 0.945312 0
vt 0.308594 0.960938 0
vt 0.324219 0.960938 0
vt 0.308594 0.976562 0
vt 0.324219 0.976562 0
vt 0.308594 0.992188 0
vt 0.324219 0.992188 0
vt 0.742188 0.816406 0
vt 0.742188 0.855469 0
vt 0.65625 0.816406 0
vt 0.65625 0.855469 0
vt 0.742188 0.929688 0
vt 0.65625 0.929688 0
vt 0.742188 0.992188 0
vt 0.65625 0.992188 0
vt 0.738281 0.613281 0
vt 0.738281 0.652344 0
vt 0.65625 0.613281 0
vt 0.65625 0.652344 0
vt 0.738281 0.675781 0
vt 0.65625 0.675781 0
vt 0.742188 0.707031 0
vt 0.65625 0.707031 0
vt 0.742188 0.730469 0
vt 0.65625 0.730469 0
vt 0.5625 0.816406 0
vt 0.648438 0.816406 0
vt 0.5625 0.855469 0
vt 0.648438 0.855469 0
vt 0.5625 0.929688 0
vt 0.648438 0.929688 0
vt 0.5625 0.992188 0
vt 0.648438 0.992188 0
vt 0.5625 0.613281 0
vt 0.648438 0.613281 0
vt 0.5625 0.652344 0
vt 0.648438 0.652344 0
vt 0.648438 0.671875 0
vt 0.5625 0.671875 0
vt 0.5625 0.707031 0
vt 0.648438 0.707031 0
vt 0.5625 0.730469 0
vt 0.648438 0.730469 0
vt 0.222656 0.527344 0
vt 0.128906 0.527344 0
vt 0.207031 0.539062 0
vt 0.148438 0.617188 0
vt 0.195312 0.613281 0
vt 0.378906 0.289062 0
vt 0.394531 0.289062 0
vt 0.445312 0.289062 0
vt 0.320312 0.289062 0
vt 0.320312 0.230469 0
vt 0.292969 0.230469 0
vt 0.292969 0.289062 0
vt 0.0429688 0.550781 0
vt 0.0429688 0.515625 0
vt 0.0117188 0.550781 0
vt 0.0117188 0.515625 0
vt 0.0429688 0.492188 0
vt 0.0117188 0.492188 0
vt 0.0585938 0.640625 0
vt 0.0117188 0.574219 0
vt 0.0117188 0.640625 0
vt 0.0585938 0.574219 0
vt 0.988281 0.972656 0
vt 0.988281 0.984375 0
vt 0.183594 0.199219 0
vt 0.230469 0.214844 0
vt 0.175781 0.296875 0
vt 0.261719 0.304688 0
vt 0.277344 0.226562 0
vt 0.277344 0.296875 0
vt 0.199219 0.363281 0
vt 0.25 0.359375 0
vt 0.171875 0.132812 0
vt 0.117188 0.132812 0
vt 0.0976562 0.132812 0
vt 0.117188 0.195312 0
vt 0.0976562 0.195312 0
vt 0.519531 0.292969 0
vt 0.503906 0.292969 0
vt 0.519531 0.238281 0
vt 0.457031 0.238281 0
vt 0.457031 0.292969 0
vt 0.519531 0.226562 0
vt 0.457031 0.226562 0
vt 0.519531 0.195312 0
vt 0.457031 0.195312 0
vt 0.292969 0.292969 0
vt 0.316406 0.234375 0
vt 0.292969 0.234375 0
vt 0.316406 0.292969 0
vt 0.015625 0.550781 0
vt 0.015625 0.519531 0
vt 0.0429688 0.519531 0
vt 0.015625 0.492188 0
vt 0.0703125 0.640625 0
vt 0.117188 0.640625 0
vt 0.117188 0.574219 0
vt 0.0703125 0.574219 0
vt 0.980469 0.96875 0
vt 0.992188 0.972656 0
vt 0.199219 0.175781 0
vt 0.261719 0.308594 0
vt 0.25 0.363281 0
vt 0.355469 0.441406 0
vt 0.00390625 0.132812 0
vt 0.0625 0.132812 0
vt 0.00390625 0.0390625 0
vt 0.0820312 0.0390625 0
vt 0.0820312 0.132812 0
vt 0.00390625 0.015625 0
vt 0.0820312 0.015625 0
vt 0.0625 0.195312 0
vt 0.0820312 0.195312 0
vt 0.226562 0.492188 0
vt 0.160156 0.492188 0
vt 0.160156 0.460938 0
vt 0.226562 0.460938 0
vt 0.140625 0.460938 0
vt 0.113281 0.460938 0
vt 0.113281 0.492188 0
vt 0.140625 0.492188 0
vt 0.246094 0.492188 0
vt 0.273438 0.460938 0
vt 0.273438 0.492188 0
vt 0.246094 0.460938 0
vt 0.214844 0.414062 0
vt 0.234375 0.390625 0
vt 0.265625 0.429688 0
vt 0.214844 0.445312 0
vt 0.292969 0.390625 0
vt 0.316406 0.417969 0
vt 0.316406 0.445312 0
vt 0.691406 0.132812 0
vt 0.695312 0.148438 0
vt 0.664062 0.132812 0
vt 0.695312 0.121094 0
vt 0.671875 0.160156 0
vt 0.691406 0.179688 0
vt 0.703125 0.160156 0
vt 0.671875 0.105469 0
vt 0.703125 0.109375 0
vt 0.691406 0.0859375 0
vt 0.71875 0.105469 0
vt 0.71875 0.0820312 0
vt 0.730469 0.109375 0
vt 0.746094 0.0859375 0
vt 0.742188 0.121094 0
vt 0.765625 0.105469 0
vt 0.773438 0.132812 0
vt 0.746094 0.132812 0
vt 0.742188 0.148438 0
vt 0.765625 0.160156 0
vt 0.746094 0.179688 0
vt 0.730469 0.160156 0
vt 0.71875 0.1875 0
vt 0.71875 0.164062 0
vt 0.765625 0.0273438 0
vt 0.769531 0.0429688 0
vt 0.765625 0.0585938 0
vt 0.757812 0.0703125 0
vt 0.757812 0.015625 0
vt 0.746094 0.0742188 0
vt 0.746094 0.0117188 0
vt 0.730469 0.0703125 0
vt 0.730469 0.015625 0
vt 0.722656 0.0585938 0
vt 0.722656 0.0273438 0
vt 0.71875 0.0429688 0
vt 0.714844 0.0429688 0
vt 0.714844 0.0585938 0
vt 0.714844 0.0273438 0
vt 0.703125 0.0703125 0
vt 0.691406 0.0742188 0
vt 0.679688 0.0703125 0
vt 0.667969 0.0585938 0
vt 0.671875 0.0585938 0
vt 0.664062 0.0429688 0
vt 0.667969 0.0429688 0
vt 0.667969 0.0273438 0
vt 0.671875 0.0273438 0
vt 0.679688 0.015625 0
vt 0.691406 0.0117188 0
vt 0.703125 0.015625 0
vt 0.570312 0.386719 0
vt 0.558594 0.386719 0
vt 0.542969 0.433594 0
vt 0.550781 0.445312 0
vt 0.542969 0.34375 0
vt 0.535156 0.386719 0
vt 0.503906 0.46875 0
vt 0.527344 0.414062 0
vt 0.503906 0.386719 0
vt 0.527344 0.363281 0
vt 0.503906 0.425781 0
vt 0.503906 0.449219 0
vt 0.480469 0.414062 0
vt 0.46875 0.433594 0
vt 0.472656 0.386719 0
vt 0.4375 0.390625 0
vt 0.457031 0.445312 0
vt 0.453125 0.386719 0
vt 0.480469 0.363281 0
vt 0.46875 0.34375 0
vt 0.503906 0.351562 0
vt 0.503906 0.328125 0
vt 0.503906 0.3125 0
vt 0.457031 0.332031 0
vt 0.550781 0.332031 0
vt 0.757812 0.636719 0
vt 0.855469 0.636719 0
vt 0.757812 0.605469 0
vt 0.855469 0.605469 0
vt 0.855469 0.523438 0
vt 0.757812 0.523438 0
vt 0.855469 0.4375 0
vt 0.757812 0.4375 0
vt 0.855469 0.382812 0
vt 0.757812 0.382812 0
vt 0.855469 0.335938 0
vt 0.757812 0.335938 0
vt 0.855469 0.277344 0
vt 0.757812 0.277344 0
vt 0.644531 0.601562 0
vt 0.707031 0.535156 0
vt 0.613281 0.5625 0
vt 0.597656 0.523438 0
vt 0.734375 0.414062 0
vt 0.542969 0.515625 0
vt 0.539062 0.488281 0
vt 0.597656 0.417969 0
vt 0.597656 0.351562 0
vt 0.542969 0.285156 0
vt 0.746094 0.402344 0
vt 0.761719 0.257812 0
vt 0.621094 0.242188 0
vt 0.855469 0.746094 0
vt 0.757812 0.746094 0
vt 0.855469 0.863281 0
vt 0.757812 0.863281 0
vt 0.855469 0.925781 0
vt 0.757812 0.925781 0
vt 0.855469 0.230469 0
vt 0.757812 0.230469 0
vt 0.757812 0.195312 0
vt 0.855469 0.195312 0
vt 0.855469 0.960938 0
vt 0.757812 0.960938 0
vt 0.855469 0.992188 0
vt 0.757812 0.992188 0
vt 0.46875 0.652344 0
vt 0.46875 0.753906 0
vt 0.488281 0.671875 0
vt 0.488281 0.753906 0
vt 0.488281 0.773438 0
vt 0.527344 0.773438 0
vt 0.527344 0.753906 0
vt 0.527344 0.671875 0
vt 0.527344 0.648438 0
vt 0.492188 0.648438 0
vt 0.546875 0.652344 0
vt 0.546875 0.753906 0
vt 0.0703125 0.445312 0
vt 0.0351562 0.460938 0
vt 0.0664062 0.460938 0
vt 0.0117188 0.300781 0
vt 0.144531 0.414062 0
vt 0.160156 0.285156 0
vt 0.136719 0.21875 0
vt 0.03125 0.21875 0
vt 0.867188 0.347656 0
vt 0.894531 0.371094 0
vt 0.867188 0.476562 0
vt 0.894531 0.449219 0
vt 0.984375 0.347656 0
vt 0.964844 0.371094 0
vt 0.964844 0.449219 0
vt 0.984375 0.476562 0
vt 0.925781 0.769531 0
vt 0.867188 0.769531 0
vt 0.925781 0.796875 0
vt 0.867188 0.796875 0
vt 0.867188 0.949219 0
vt 0.925781 0.949219 0
vt 0.867188 0.894531 0
vt 0.925781 0.894531 0
vt 0.925781 0.625 0
vt 0.867188 0.625 0
vt 0.925781 0.703125 0
vt 0.867188 0.703125 0
vt 0.925781 0.746094 0
vt 0.867188 0.746094 0
vt 0.925781 0.578125 0
vt 0.867188 0.578125 0
vt 0.925781 0.488281 0
vt 0.867188 0.488281 0
vt 0.792969 0.0351562 0
vt 0.828125 0.167969 0
vt 0.03125 0.460938 0
vt 0.984375 0.199219 0
vt 0.984375 0.335938 0
vt 0.964844 0.230469 0
vt 0.964844 0.3125 0
vt 0.871094 0.199219 0
vt 0.894531 0.230469 0
vt 0.894531 0.3125 0
vt 0.871094 0.335938 0
vt 0.9375 0.769531 0
vt 0.9375 0.796875 0
vt 0.996094 0.769531 0
vt 0.996094 0.796875 0
vt 0.996094 0.949219 0
vt 0.996094 0.894531 0
vt 0.9375 0.949219 0
vt 0.9375 0.894531 0
vt 0.9375 0.625 0
vt 0.9375 0.703125 0
vt 0.996094 0.625 0
vt 0.996094 0.703125 0
vt 0.9375 0.746094 0
vt 0.996094 0.746094 0
vt 0.9375 0.578125 0
vt 0.996094 0.578125 0
vt 0.9375 0.488281 0
vt 0.996094 0.488281 0

# 155 vertex normals
vn 0 -0.850651 0.525731
vn 0.688191 -0.425325 0.587785
vn 0 -0.295242 0.955423
vn -0.147621 -0.681718 0.716567
vn 0 -0.850651 -0.525731
vn -0.955423 0 -0.295242
vn 0.955423 0 0.295242
vn 0.951056 -0.262866 0.16246
vn 0.262866 -0.16246 0.951056
vn 0.864188 -0.238856 0.442863
vn 0.850651 0 -0.525731
vn 0 0 -1
vn -0.525731 0 -0.850651
vn -0.850651 0 0.525731
vn -0.525731 0 0.850651
vn 1 0 0
vn 0.309017 0.809017 -0.5
vn 0.809017 0.5 -0.309017
vn 0.425325 -0.587785 0.688191
vn -0.262866 0.16246 0.951056
vn 0 0 1
vn 0.147621 0.681718 0.716567
vn 0 0.850651 0.525731
vn -0.238856 -0.442863 0.864188
vn 0.425325 0.587785 0.688191
vn 0.525731 0 0.850651
vn 0.147621 -0.681718 0.716567
vn 0.295242 0.955423 0
vn 0 1 0
vn 0.681718 0.716567 0.147621
vn 0.147621 0.681718 -0.716567
vn 0.425325 0.587785 -0.688191
vn 0 -1 0
vn 0.309017 -0.809017 -0.5
vn 0.442863 -0.864188 0.238856
vn 0.147621 -0.681718 -0.716567
vn 0.809017 -0.5 -0.309017
vn 0.681718 -0.716567 0.147621
vn -0.425325 0.587785 0.688191
vn -0.809017 0.5 0.309017
vn -0.425325 -0.587785 0.688191
vn -0.809017 -0.5 0.309017
vn -0.442863 0.864188 -0.238856
vn -0.681718 0.716567 -0.147621
vn -0.425325 0.587785 -0.688191
vn 0 0.525731 -0.850651
vn 0.262866 0.16246 -0.951056
vn -0.262866 -0.16246 -0.951056
vn -0.147621 -0.681718 -0.716567
vn -0.425325 -0.587785 -0.688191
vn 0.587785 -0.688191 -0.425325
vn 0.688191 0.425325 0.587785
vn -0.309017 0.809017 0.5
vn -0.850651 0 -0.525731
vn -0.951056 -0.262866 -0.16246
vn -0.587785 -0.688191 0.425325
vn 0.716567 -0.147621 -0.681718
vn -0.525731 -0.850651 0
vn -0.681718 -0.716567 -0.147621
vn -0.587785 -0.688191 -0.425325
vn -0.864188 -0.238856 -0.442863
vn -0.716567 -0.147621 0.681718
vn -1 0 0
vn -0.262866 0.16246 -0.951056
vn 0.5 0.309017 -0.809017
vn 0.951056 0.262866 0.16246
vn 0.309017 0.809017 0.5
vn 0.681718 -0.716567 -0.147621
vn -0.309017 -0.809017 -0.5
vn -0.587785 0.688191 0.425325
vn 0.5 -0.309017 0.809017
vn -0.951056 0.262866 -0.16246
vn 0.16246 -0.951056 -0.262866
vn -0.16246 -0.951056 0.262866
vn -0.309017 -0.809017 0.5
vn 0.262866 -0.16246 -0.951056
vn 0.238856 -0.442863 -0.864188
vn -0.442863 0.864188 0.238856
vn -0.716567 0.147621 0.681718
vn -0.688191 0.425325 0.587785
vn 0.238856 -0.442863 0.864188
vn 0.238856 0.442863 0.864188
vn -0.525731 0.850651 0
vn 0.442863 0.864188 -0.238856
vn 0.716567 0.147621 -0.681718
vn 0.16246 0.951056 -0.262866
vn 0 0.295242 -0.955423
vn 0 -0.525731 0.850651
vn -0.5 0.309017 0.809017
vn -0.864188 0.238856 0.442863
vn -0.147621 0.681718 0.716567
vn -0.5 -0.309017 0.809017
vn 0.716567 -0.147621 0.681718
vn -0.16246 -0.951056 -0.262866
vn 0 -0.295242 -0.955423
vn 0.425325 -0.587785 -0.688191
vn -0.147621 0.681718 -0.716567
vn -0.238856 0.442863 -0.864188
vn 0.295242 -0.955423 0
vn 0 0.295242 0.955423
vn -0.688191 -0.425325 0.587785
vn 0.16246 0.951056 0.262866
vn 0.525731 0.850651 0
vn -0.716567 0.147621 -0.681718
vn 0 -0.525731 -0.850651
vn -0.262866 -0.16246 0.951056
vn -0.295242 -0.955423 0
vn 0.238856 0.442863 -0.864188
vn -0.16246 0.951056 -0.262866
vn 0.587785 0.688191 -0.425325
vn -0.238856 -0.442863 -0.864188
vn 0.688191 -0.425325 -0.587785
vn -0.309017 0.809017 -0.5
vn -0.5 0.309017 -0.809017
vn -0.681718 -0.716567 0.147621
vn -0.5 -0.309017 -0.809017
vn -0.587785 0.688191 -0.425325
vn -0.681718 0.716567 0.147621
vn 0.5 0.309017 0.809017
vn 0.587785 -0.688191 0.425325
vn 0.688191 0.425325 -0.587785
vn 0.587785 0.688191 0.425325
vn 0.850651 -0.525731 0
vn -0.688191 -0.425325 -0.587785
vn -0.850651 -0.525731 0
vn 0 0.850651 -0.525731
vn 0 0.525731 0.850651
vn 0.5 -0.309017 -0.809017
vn 0.525731 -0.850651 0
vn -0.850651 0.525731 0
vn -0.238856 0.442863 0.864188
vn -0.864188 -0.238856 0.442863
vn 0.864188 0.238856 -0.442863
vn 0.681718 0.716567 -0.147621
vn 0.16246 -0.951056 0.262866
vn 0.309017 -0.809017 0.5
vn 0.864188 0.238856 0.442863
vn -0.688191 0.425325 -0.587785
vn 0.525731 0 -0.850651
vn 0.951056 -0.262866 -0.16246
vn 0.850651 0 0.525731
vn -0.951056 -0.262866 0.16246
vn -0.809017 -0.5 -0.309017
vn -0.716567 -0.147621 -0.681718
vn 0.955423 0 -0.295242
vn 0.951056 0.262866 -0.16246
vn -0.864188 0.238856 -0.442863
vn -0.16246 0.951056 0.262866
vn 0.716567 0.147621 0.681718
vn 0.442863 0.864188 0.238856
vn 0.809017 -0.5 0.309017
vn -0.809017 0.5 -0.309017
vn -0.955423 0 0.295242
vn 0.850651 0.525731 0
vn -0.295242 0.955423 0

# Mesh '' with 1342 faces
g 
usemtl $Material_0
f  1/1/1 2/2/1 3/3/1
f  2/2/1 4/4/2 3/3/1
f  2/2/3 5/5/3 4/4/2
f  5/5/3 6/6/3 4/4/2
f  7/7/4 8/8/4 9/9/4
f  7/7/4 10/10/4 8/8/4
f  11/9/5 12/7/5 13/10/5
f  11/9/5 13/10/5 14/8/5
f  15/11/6 16/12/6 17/13/6
f  15/11/6 18/14/6 16/12/6
f  15/11/6 19/15/6 18/14/6
f  15/11/6 20/16/6 19/15/6
f  15/11/6 21/17/6 20/16/6
f  15/11/6 22/18/6 21/17/6
f  15/11/6 23/19/6 22/18/6
f  15/11/6 24/20/6 23/19/6
f  15/11/6 25/21/6 24/20/6
f  15/11/6 17/13/6 25/21/6
f  26/11/7 27/22/7 28/23/7
f  26/11/7 28/23/7 29/24/7
f  26/11/7 29/24/7 30/25/7
f  26/11/7 30/25/7 31/26/7
f  26/11/7 31/26/7 32/17/7
f  26/11/7 32/17/7 33/18/7
f  26/11/7 33/18/7 34/19/7
f  26/11/7 34/19/7 35/27/7
f  26/11/7 35/27/7 36/28/7
f  26/11/7 36/28/7 27/22/7
f  37/29/8 38/29/9 39/30/10
f  40/29/11 37/29/8 41/30/11
f  37/29/8 39/30/10 41/30/11
f  38/29/9 42/30/9 39/30/10
f  40/29/11 41/30/11 43/29/12
f  41/30/11 44/30/13 43/29/12
f  45/29/14 46/30/15 38/31/9
f  46/30/15 42/32/9 38/31/9
f  47/33/16 48/33/2 49/34/7
f  50/33/17 47/33/16 51/34/18
f  47/33/16 49/34/7 51/34/18
f  48/33/2 52/34/19 49/34/7
f  53/35/20 54/35/21 55/36/22
f  53/35/20 55/36/22 56/36/23
f  57/37/24 54/35/21 53/35/20
f  54/35/21 58/38/25 55/36/22
f  59/35/26 58/38/25 54/35/21
f  57/37/24 60/37/27 54/35/21
f  60/37/27 61/39/19 54/35/21
f  61/39/19 59/35/26 54/35/21
f  56/40/23 55/40/22 62/32/28
f  56/40/23 62/32/28 63/32/29
f  58/41/25 62/32/28 55/40/22
f  58/41/25 64/32/30 62/32/28
f  65/42/31 62/32/28 66/42/32
f  65/42/31 63/32/29 62/32/28
f  67/43/18 66/42/32 62/32/28
f  67/43/18 62/32/28 64/32/30
f  68/32/33 69/42/34 70/32/35
f  68/32/33 71/42/36 69/42/34
f  68/32/33 70/32/35 60/40/27
f  68/32/33 60/40/27 57/40/24
f  70/32/35 69/42/34 72/43/37
f  70/32/35 72/43/37 73/32/38
f  70/32/35 73/32/38 61/40/19
f  70/32/35 61/40/19 60/40/27
f  74/35/20 75/36/39 76/35/15
f  74/35/20 77/36/23 75/36/39
f  78/37/24 74/35/20 76/35/15
f  76/35/15 75/36/39 79/38/40
f  78/37/24 76/35/15 80/37/41
f  81/35/14 76/35/15 79/38/40
f  80/37/41 76/35/15 82/39/42
f  82/39/42 76/35/15 81/35/14
f  77/40/23 83/32/43 75/40/39
f  77/40/23 84/32/29 83/32/43
f  79/41/40 75/40/39 83/32/43
f  79/41/40 83/32/43 85/32/44
f  86/43/45 85/32/44 83/32/43
f  87/42/31 88/42/46 83/32/43
f  87/42/31 83/32/43 84/32/29
f  86/43/45 83/32/43 88/42/46
f  89/35/47 90/35/48 88/36/46
f  89/35/47 88/36/46 87/36/31
f  91/37/36 90/35/48 89/35/47
f  90/35/48 86/38/45 88/36/46
f  90/35/48 92/35/13 86/38/45
f  91/37/36 93/37/49 90/35/48
f  93/37/49 94/39/50 90/35/48
f  94/39/50 92/35/13 90/35/48
f  95/37/51 96/36/51 97/37/52
f  97/37/52 96/36/51 98/36/52
f  98/36/52 99/36/53 97/37/52
f  97/37/52 99/36/53 100/37/40
f  101/40/54 102/43/6 45/40/14
f  43/40/12 44/43/13 101/40/54
f  44/43/13 102/43/6 101/40/54
f  102/43/6 46/43/15 45/40/14
f  103/40/6 104/43/55 105/40/56
f  106/40/45 107/43/45 103/40/6
f  107/43/45 104/43/55 103/40/6
f  104/43/55 108/43/56 105/40/56
f  48/41/2 105/41/56 52/32/19
f  105/41/56 108/32/56 52/32/19
f  106/32/45 50/32/17 107/42/45
f  50/32/17 51/42/18 107/42/45
f  109/44/47 66/45/32 110/44/57
f  109/44/47 65/45/31 66/45/32
f  71/46/36 109/44/47 110/44/57
f  110/44/57 66/45/32 67/45/18
f  71/46/36 110/44/57 69/46/34
f  110/44/57 67/45/18 111/44/11
f  69/46/34 110/44/57 72/47/37
f  72/47/37 110/44/57 111/44/11
f  112/44/33 113/44/58 93/46/49
f  112/44/33 93/46/49 91/46/36
f  112/44/33 80/45/41 113/44/58
f  112/44/33 78/45/24 80/45/41
f  113/44/58 94/47/50 93/46/49
f  113/44/58 114/44/59 94/47/50
f  113/44/58 82/45/42 114/44/59
f  113/44/58 80/45/41 82/45/42
f  115/48/60 100/48/40 116/49/61
f  95/48/51 115/48/60 96/49/51
f  96/49/51 115/48/60 116/49/61
f  100/48/40 99/49/53 116/49/61
f  117/50/6 118/50/62 119/49/63
f  120/50/64 117/50/6 121/49/64
f  117/50/6 119/49/63 121/49/64
f  118/50/62 122/49/62 119/49/63
f  120/50/64 121/51/64 123/50/65
f  121/51/64 124/51/11 123/50/65
f  125/46/16 126/52/66 127/46/67
f  128/46/68 129/52/68 125/46/16
f  129/52/68 126/52/66 125/46/16
f  126/52/66 130/52/67 127/46/67
f  128/46/68 131/46/69 129/52/68
f  131/46/69 132/52/60 129/52/68
f  131/46/69 133/46/55 132/52/60
f  133/46/55 134/52/63 132/52/60
f  133/46/55 135/46/40 134/52/63
f  135/46/40 136/52/70 134/52/63
f  135/50/40 127/50/67 136/51/70
f  127/50/67 130/51/67 136/51/70
f  137/46/71 138/52/9 118/50/62
f  138/52/9 122/51/62 118/50/62
f  139/46/16 140/52/7 137/46/71
f  123/46/65 124/52/11 139/46/16
f  124/52/11 140/52/7 139/46/16
f  140/52/7 138/52/9 137/46/71
f  13/53/16 141/54/16 142/55/16
f  13/53/16 143/56/16 141/54/16
f  12/57/16 143/56/16 13/53/16
f  12/57/16 144/58/16 143/56/16
f  10/53/16 145/54/16 146/55/16
f  10/53/16 147/56/16 145/54/16
f  7/57/16 147/56/16 10/53/16
f  7/57/16 148/58/16 147/56/16
f  14/53/63 149/55/63 150/54/63
f  14/53/63 150/54/63 151/56/63
f  11/57/63 14/53/63 151/56/63
f  11/57/63 151/56/63 152/59/63
f  8/53/63 153/55/63 154/54/63
f  8/53/63 154/54/63 155/56/63
f  9/57/63 8/53/63 155/56/63
f  9/57/63 155/56/63 156/59/63
f  157/60/72 158/61/72 159/62/72
f  160/63/63 157/60/72 159/62/72
f  161/64/63 162/65/72 157/60/72
f  161/64/63 157/60/72 160/63/63
f  163/66/63 164/67/63 160/63/63
f  164/67/63 161/64/63 160/63/63
f  165/60/16 166/62/16 167/61/16
f  168/63/16 166/62/16 165/60/16
f  169/64/16 165/60/16 170/65/16
f  169/64/16 168/63/16 165/60/16
f  171/66/16 168/63/16 172/67/16
f  172/67/16 168/63/16 169/64/16
f  173/68/63 174/69/63 175/70/63
f  176/71/55 173/68/63 175/70/63
f  177/72/63 178/73/63 173/68/63
f  177/72/63 173/68/63 176/71/55
f  179/74/55 180/75/55 176/71/55
f  180/75/55 177/72/63 176/71/55
f  181/68/8 182/70/8 183/69/8
f  184/71/8 182/70/8 181/68/8
f  185/72/8 181/68/8 186/73/8
f  185/72/8 184/71/8 181/68/8
f  187/74/8 184/71/8 188/75/8
f  188/75/8 184/71/8 185/72/8
f  189/76/7 190/77/7 191/78/7
f  189/76/7 191/78/7 192/79/7
f  193/80/7 189/76/7 192/79/7
f  194/81/7 193/80/7 192/79/7
f  194/81/7 192/79/7 195/82/7
f  195/82/7 192/79/7 196/83/7
f  5/84/63 2/85/63 197/86/63
f  4/87/2 6/88/16 198/86/16
f  3/89/16 4/87/2 199/90/16
f  198/91/16 199/90/16 4/87/2
f  200/92/16 3/89/16 199/90/16
f  201/93/5 202/94/73 203/95/74
f  201/93/5 204/96/36 202/94/73
f  201/93/5 205/97/36 204/96/36
f  202/94/73 206/98/74 203/95/74
f  203/95/74 206/98/74 207/99/75
f  203/95/74 207/99/75 208/100/75
f  209/93/76 210/96/76 211/97/76
f  209/93/76 212/95/5 213/94/77
f  209/93/76 213/94/77 210/96/76
f  212/95/5 214/100/73 215/99/73
f  213/94/77 212/95/5 216/98/5
f  212/95/5 215/99/73 216/98/5
f  198/101/49 6/102/49 197/103/49
f  6/102/49 5/104/49 197/103/49
f  217/105/7 218/106/7 219/107/7
f  220/108/7 218/106/7 217/105/7
f  220/108/7 221/109/7 218/106/7
f  222/110/7 221/109/7 220/108/7
f  222/110/7 223/111/7 221/109/7
f  223/111/7 224/112/7 221/109/7
f  224/112/7 225/113/7 221/109/7
f  224/112/7 226/114/7 225/113/7
f  227/105/6 228/107/6 229/106/6
f  230/108/6 227/105/6 229/106/6
f  230/108/6 229/106/6 231/109/6
f  232/110/6 230/108/6 231/109/6
f  232/110/6 231/109/6 233/111/6
f  233/111/6 231/109/6 234/112/6
f  234/112/6 231/109/6 235/113/6
f  234/112/6 235/113/6 236/114/6
f  237/115/42 238/116/39 239/117/78
f  240/118/4 238/116/39 237/115/42
f  241/119/27 242/120/79 243/121/80
f  241/119/27 244/122/81 242/120/79
f  240/118/4 241/119/27 243/121/80
f  240/118/4 243/121/80 238/116/39
f  245/115/38 246/117/82 247/116/21
f  248/118/33 245/115/38 247/116/21
f  248/118/33 247/116/21 249/121/71
f  248/118/33 249/121/71 250/119/58
f  250/119/58 249/121/71 251/120/19
f  250/119/58 251/120/19 252/122/58
f  253/116/83 254/117/23 255/115/84
f  256/118/85 253/116/83 255/115/84
f  256/118/85 257/121/86 253/116/83
f  258/119/87 257/121/86 256/118/85
f  258/119/87 259/122/64 257/121/86
f  259/122/64 260/120/67 257/121/86
f  261/119/88 262/120/89 263/121/80
f  261/119/88 264/122/19 262/120/89
f  265/118/41 261/119/88 263/121/80
f  265/118/41 266/116/22 267/115/90
f  266/116/22 268/117/91 267/115/90
f  265/118/41 263/121/80 266/116/22
f  269/116/92 270/115/93 271/117/79
f  272/118/35 270/115/93 269/116/92
f  272/118/35 269/116/92 273/121/21
f  274/119/94 272/118/35 273/121/21
f  274/119/94 273/121/21 275/122/74
f  275/122/74 273/121/21 276/120/9
f  277/118/95 278/115/13 279/116/32
f  279/116/32 278/115/13 280/117/86
f  281/119/96 282/121/97 283/120/98
f  281/119/96 283/120/98 284/122/37
f  277/118/95 282/121/97 281/119/96
f  277/118/95 279/116/32 282/121/97
f  285/119/74 286/121/9 287/120/81
f  285/119/74 287/120/81 288/122/60
f  289/118/99 286/121/9 285/119/74
f  289/118/99 290/115/2 291/116/15
f  291/116/15 290/115/2 292/117/20
f  289/118/99 291/116/15 286/121/9
f  293/116/100 294/117/67 295/115/90
f  296/118/101 293/116/100 295/115/90
f  297/119/1 298/121/39 296/118/101
f  297/119/1 299/122/88 298/121/39
f  296/118/101 298/121/39 293/116/100
f  299/122/88 300/120/39 298/121/39
f  301/115/18 302/116/29 303/117/102
f  304/118/47 302/116/29 301/115/18
f  304/118/47 305/121/28 302/116/29
f  306/119/64 307/120/103 305/121/28
f  306/119/64 308/122/104 307/120/103
f  304/118/47 306/119/64 305/121/28
f  309/115/13 310/117/97 311/116/17
f  312/118/105 309/115/13 311/116/17
f  312/118/105 311/116/17 313/121/97
f  312/118/105 313/121/97 314/119/96
f  314/119/96 313/121/97 315/120/98
f  314/119/96 315/120/98 316/122/37
f  317/116/106 318/115/71 319/117/20
f  320/118/99 318/115/71 317/116/106
f  321/119/107 322/121/9 323/120/81
f  321/119/107 323/120/81 324/122/58
f  320/118/99 322/121/9 321/119/107
f  320/118/99 317/116/106 322/121/9
f  325/116/22 326/117/91 327/115/90
f  328/118/56 325/116/22 327/115/90
f  328/118/56 329/119/27 330/121/80
f  328/118/56 330/121/80 325/116/22
f  329/119/27 331/120/89 330/121/80
f  329/119/27 332/122/81 331/120/89
f  333/118/108 334/116/109 335/115/18
f  334/116/109 336/117/23 335/115/18
f  337/119/64 338/120/103 339/121/28
f  337/119/64 340/122/13 338/120/103
f  333/118/108 337/119/64 339/121/28
f  333/118/108 339/121/28 334/116/109
f  341/116/110 342/115/64 343/117/86
f  344/118/111 342/115/64 341/116/110
f  344/118/111 341/116/110 345/121/108
f  346/119/96 344/118/111 345/121/108
f  346/119/96 345/121/108 347/122/112
f  347/122/112 345/121/108 348/120/113
f  349/119/96 350/120/97 351/122/112
f  349/119/96 352/121/31 350/120/97
f  353/118/111 352/121/31 349/119/96
f  353/118/111 354/115/64 355/116/32
f  353/118/111 355/116/32 352/121/31
f  355/116/32 354/115/64 356/117/28
f  357/119/64 358/122/114 359/120/103
f  357/119/64 359/120/103 360/121/28
f  361/118/65 357/119/64 360/121/28
f  361/118/65 362/116/109 363/115/84
f  362/116/109 364/117/53 363/115/84
f  361/118/65 360/121/28 362/116/109
f  17/123/115 16/124/60 365/125/59
f  17/123/115 365/125/59 366/126/42
f  16/124/60 367/127/50 365/125/59
f  16/124/60 18/128/116 367/127/50
f  365/129/6 367/130/6 368/131/6
f  366/132/6 365/129/6 369/133/6
f  369/133/6 365/129/6 368/131/6
f  368/131/6 367/130/6 370/134/6
f  367/130/6 371/135/6 370/134/6
f  370/134/6 371/135/6 372/136/6
f  371/135/6 373/137/6 372/136/6
f  372/136/6 373/137/6 374/138/6
f  373/137/6 375/139/6 374/138/6
f  374/138/6 375/139/6 376/140/6
f  375/139/6 377/141/6 376/140/6
f  376/140/6 377/141/6 378/142/6
f  377/141/6 379/143/6 378/142/6
f  378/142/6 379/143/6 380/144/6
f  379/143/6 381/145/6 380/144/6
f  380/144/6 381/145/6 382/146/6
f  381/145/6 383/147/6 382/146/6
f  382/146/6 383/147/6 384/148/6
f  383/147/6 366/132/6 384/148/6
f  384/148/6 366/132/6 369/133/6
f  18/128/116 371/149/116 367/127/50
f  18/128/116 19/150/13 371/149/116
f  19/150/13 373/151/114 371/149/116
f  19/150/13 20/152/45 373/151/114
f  20/152/45 375/153/117 373/151/114
f  20/152/45 21/154/43 375/153/117
f  21/154/43 377/155/83 375/153/117
f  21/154/43 22/156/118 377/155/83
f  22/156/118 379/157/70 377/155/83
f  22/156/118 23/158/80 379/157/70
f  23/158/80 381/159/79 379/157/70
f  23/158/80 24/160/62 381/159/79
f  24/160/62 383/161/62 381/159/79
f  24/160/62 25/162/42 383/161/62
f  25/162/42 366/126/42 383/161/62
f  25/162/42 17/123/115 366/126/42
f  27/123/26 385/125/71 28/124/19
f  36/162/119 386/126/119 27/123/26
f  27/123/26 386/126/119 385/125/71
f  28/124/19 385/125/71 387/127/19
f  28/124/19 387/127/19 29/128/120
f  29/128/120 387/127/19 388/149/38
f  29/128/120 388/149/38 30/150/68
f  30/150/68 388/149/38 389/151/37
f  30/150/68 389/151/37 31/152/112
f  31/152/112 389/151/37 390/153/57
f  31/152/112 390/153/57 32/154/85
f  32/154/85 390/153/57 391/155/121
f  32/154/85 391/155/121 33/156/110
f  33/156/110 391/155/121 392/157/110
f  33/156/110 392/157/110 34/158/103
f  34/158/103 392/157/110 393/159/103
f  34/158/103 393/159/103 35/160/122
f  35/160/122 393/159/103 394/161/25
f  35/160/122 394/161/25 36/162/119
f  36/162/119 394/161/25 386/126/119
f  385/129/7 395/131/7 387/130/7
f  386/132/7 396/133/7 385/129/7
f  396/133/7 395/131/7 385/129/7
f  395/131/7 397/134/7 387/130/7
f  387/130/7 397/134/7 388/135/7
f  397/134/7 398/136/7 388/135/7
f  388/135/7 398/136/7 389/137/7
f  398/136/7 399/138/7 389/137/7
f  389/137/7 399/138/7 390/139/7
f  399/138/7 400/140/7 390/139/7
f  390/139/7 400/140/7 391/141/7
f  400/140/7 401/142/7 391/141/7
f  391/141/7 401/142/7 392/143/7
f  401/142/7 402/144/7 392/143/7
f  392/143/7 402/144/7 393/145/7
f  402/144/7 403/146/7 393/145/7
f  393/145/7 403/146/7 394/147/7
f  403/146/7 404/148/7 394/147/7
f  394/147/7 404/148/7 386/132/7
f  404/148/7 396/133/7 386/132/7
f  405/163/94 406/164/47 407/165/123
f  408/166/124 406/164/47 405/163/94
f  409/163/1 410/166/125 411/164/77
f  412/165/38 409/163/1 411/164/77
f  7/167/95 9/168/95 156/169/95
f  7/167/95 156/169/95 148/170/95
f  148/170/87 156/169/87 155/171/87
f  148/170/87 155/171/87 147/172/87
f  147/172/31 155/171/31 154/173/31
f  147/172/31 154/173/31 145/174/31
f  153/175/86 145/174/86 154/173/86
f  146/176/86 145/174/86 153/175/86
f  8/177/102 146/176/102 153/175/102
f  10/178/102 146/176/102 8/177/102
f  11/179/126 144/180/126 12/181/126
f  11/179/126 152/182/126 144/180/126
f  152/182/29 143/183/29 144/180/29
f  152/182/29 151/184/29 143/183/29
f  151/184/23 141/185/23 143/183/23
f  151/184/23 150/186/23 141/185/23
f  142/187/127 141/185/127 150/186/127
f  149/188/127 142/187/127 150/186/127
f  13/189/21 142/187/21 149/188/21
f  14/190/21 13/189/21 149/188/21
f  413/191/69 414/192/14 415/193/13
f  416/194/42 414/192/14 413/191/69
f  417/191/128 418/193/18 419/192/2
f  420/194/129 417/191/128 419/192/2
f  421/195/130 422/196/130 423/197/130
f  421/195/130 424/198/130 422/196/130
f  423/197/102 425/199/102 426/200/102
f  425/199/102 423/197/102 422/196/102
f  427/201/17 423/202/17 426/203/17
f  428/204/17 427/201/17 426/203/17
f  425/205/131 422/206/131 429/207/131
f  429/207/131 422/206/131 430/208/131
f  431/209/47 427/201/47 428/204/47
f  432/210/47 427/201/47 431/209/47
f  433/211/47 427/201/47 432/210/47
f  434/210/47 433/211/47 432/210/47
f  433/211/114 421/195/114 427/201/114
f  421/195/114 433/211/114 435/212/104
f  436/213/132 424/198/132 437/214/132
f  436/213/132 430/208/14 424/198/132
f  435/212/6 424/198/6 421/195/6
f  424/198/6 435/212/6 437/214/6
f  430/208/106 438/215/106 429/207/106
f  438/215/106 430/208/106 439/216/106
f  436/213/106 439/216/106 430/208/106
f  439/216/106 436/213/106 440/216/106
f  424/198/40 430/208/40 422/196/40
f  427/201/117 421/195/117 423/197/117
f  440/217/7 432/218/7 439/219/7
f  432/218/7 440/217/7 434/220/7
f  439/219/68 431/221/68 438/222/68
f  439/219/68 432/218/68 431/221/68
f  431/221/7 429/223/7 438/222/7
f  431/221/7 428/224/7 429/223/7
f  429/223/7 428/224/7 425/199/7
f  425/199/7 428/224/7 426/200/7
f  434/225/94 440/226/94 436/227/94
f  434/225/94 436/227/94 433/228/94
f  433/228/94 436/227/94 437/214/94
f  433/228/94 437/214/94 435/212/94
f  441/195/133 442/197/133 443/196/133
f  441/195/133 443/196/133 444/198/133
f  442/197/108 445/200/108 446/199/108
f  446/199/108 443/196/108 442/197/108
f  447/201/77 445/203/77 442/202/77
f  448/204/77 445/203/77 447/201/77
f  446/205/109 449/207/109 443/206/109
f  449/207/109 450/208/109 443/206/109
f  451/209/34 448/204/34 447/201/34
f  452/229/34 451/209/34 447/201/34
f  453/211/34 452/229/34 447/201/34
f  454/230/34 452/229/34 453/211/34
f  453/211/123 447/201/37 441/195/123
f  441/195/123 455/212/123 453/211/123
f  456/213/122 457/214/122 444/198/122
f  456/213/122 444/198/122 450/208/122
f  455/212/7 441/195/7 444/198/7
f  444/198/7 457/214/7 455/212/7
f  450/208/53 449/207/53 458/215/53
f  458/215/53 459/231/53 450/208/53
f  456/213/53 450/208/53 459/231/53
f  459/231/53 460/232/53 456/213/53
f  444/198/134 443/196/134 450/208/134
f  447/201/11 442/197/11 441/195/11
f  460/217/6 459/219/6 452/218/6
f  452/218/6 454/220/6 460/217/6
f  459/219/101 458/222/101 451/221/101
f  459/219/101 451/221/101 452/218/101
f  451/221/6 458/222/6 449/223/6
f  451/221/6 449/223/6 448/224/6
f  449/223/6 446/199/6 448/224/6
f  446/199/6 445/200/6 448/224/6
f  454/225/24 456/227/24 460/226/24
f  454/225/24 453/228/24 456/227/24
f  453/228/24 457/214/24 456/227/24
f  453/228/24 455/212/24 457/214/24
f  405/117/94 407/115/123 461/116/135
f  407/115/123 462/118/66 461/116/135
f  461/116/135 462/118/66 463/121/136
f  462/118/66 464/119/7 463/121/136
f  463/121/136 464/119/7 465/120/2
f  464/119/7 466/122/137 465/120/2
f  409/115/1 467/118/24 410/117/125
f  410/117/125 467/118/24 468/116/6
f  467/118/24 469/119/62 468/116/6
f  468/116/6 469/119/62 470/121/72
f  469/119/62 471/122/14 470/121/72
f  470/121/72 471/122/14 472/120/72
f  408/117/124 473/116/6 406/115/47
f  406/115/47 473/116/6 474/118/97
f  473/116/6 475/121/54 474/118/97
f  474/118/97 475/121/54 476/119/126
f  475/121/54 477/120/138 476/119/126
f  476/119/126 477/120/138 478/122/84
f  412/115/38 411/117/77 479/118/8
f  411/117/77 480/116/139 479/118/8
f  479/118/8 480/116/139 481/119/140
f  480/116/139 482/121/47 481/119/140
f  481/119/140 482/121/47 483/122/11
f  482/121/47 484/120/87 483/122/11
f  302/233/29 246/234/82 303/235/102
f  247/236/21 246/234/82 302/233/29
f  302/233/29 305/237/28 247/236/21
f  247/236/21 305/237/28 249/238/71
f  305/237/28 307/239/103 249/238/71
f  249/238/71 307/239/103 251/240/19
f  311/233/17 310/235/97 239/234/78
f  238/236/39 311/233/17 239/234/78
f  311/233/17 238/236/39 313/237/97
f  313/237/97 243/238/80 315/239/98
f  238/236/39 243/238/80 313/237/97
f  243/238/80 242/240/79 315/239/98
f  360/237/28 359/239/103 286/238/9
f  362/233/109 360/237/28 291/236/15
f  291/236/15 360/237/28 286/238/9
f  286/238/9 359/239/103 287/240/81
f  362/233/109 291/236/15 364/235/53
f  291/236/15 292/234/20 364/235/53
f  279/233/32 280/235/86 325/236/22
f  325/236/22 280/235/86 326/234/91
f  279/233/32 325/236/22 282/237/97
f  325/236/22 330/238/80 282/237/97
f  282/237/97 330/238/80 283/239/98
f  330/238/80 331/240/89 283/239/98
f  352/237/31 263/238/80 350/239/97
f  355/233/32 266/236/22 352/237/31
f  266/236/22 263/238/80 352/237/31
f  263/238/80 262/240/89 350/239/97
f  355/233/32 356/235/28 266/236/22
f  266/236/22 356/235/28 268/234/91
f  334/233/109 317/236/106 336/235/23
f  317/236/106 319/234/20 336/235/23
f  334/233/109 339/237/28 317/236/106
f  339/237/28 338/239/103 322/238/9
f  317/236/106 339/237/28 322/238/9
f  322/238/9 338/239/103 323/240/81
f  341/233/110 343/235/86 294/234/67
f  293/236/100 341/233/110 294/234/67
f  298/238/39 341/233/110 293/236/100
f  345/237/108 341/233/110 298/238/39
f  345/237/108 298/238/39 348/239/113
f  298/238/39 300/240/39 348/239/113
f  253/233/83 271/234/79 254/235/23
f  269/236/92 271/234/79 253/233/83
f  273/238/21 269/236/92 253/233/83
f  257/237/86 273/238/21 253/233/83
f  257/237/86 260/239/67 273/238/21
f  273/238/21 260/239/67 276/240/9
f  412/235/38 479/233/8 409/234/1
f  409/234/1 479/233/8 467/236/24
f  467/236/24 479/233/8 481/237/140
f  467/236/24 481/237/140 469/238/62
f  408/234/124 405/235/94 473/236/6
f  405/235/94 461/233/135 473/236/6
f  461/233/135 475/238/54 473/236/6
f  461/233/135 463/237/136 475/238/54
f  406/234/47 462/233/66 407/235/123
f  406/234/47 474/236/97 462/233/66
f  462/233/66 476/238/126 464/237/7
f  474/236/97 476/238/126 462/233/66
f  476/238/126 478/240/84 464/237/7
f  464/237/7 478/240/84 466/239/137
f  411/235/77 410/234/125 468/236/6
f  411/235/77 468/236/6 480/233/139
f  468/236/6 470/238/72 482/237/47
f  480/233/139 468/236/6 482/237/47
f  482/237/47 470/238/72 484/239/87
f  470/238/72 472/240/72 484/239/87
f  344/233/111 295/234/90 342/235/64
f  344/233/111 296/236/101 295/234/90
f  346/237/96 297/238/1 344/233/111
f  297/238/1 296/236/101 344/233/111
f  297/238/1 346/237/96 347/239/112
f  297/238/1 347/239/112 299/240/88
f  256/233/85 255/235/84 270/234/93
f  256/233/85 270/234/93 272/236/35
f  258/237/87 256/233/85 274/238/94
f  274/238/94 256/233/85 272/236/35
f  274/238/94 259/239/64 258/237/87
f  274/238/94 275/240/74 259/239/64
f  357/237/64 285/238/74 288/240/60
f  357/237/64 288/240/60 358/239/114
f  361/233/65 289/236/99 357/237/64
f  289/236/99 285/238/74 357/237/64
f  361/233/65 290/234/2 289/236/99
f  361/233/65 363/235/84 290/234/2
f  312/233/105 237/234/42 309/235/13
f  312/233/105 240/236/4 237/234/42
f  312/233/105 314/237/96 240/236/4
f  240/236/4 314/237/96 241/238/27
f  314/237/96 316/239/37 241/238/27
f  241/238/27 316/239/37 244/240/81
f  304/233/47 301/235/18 245/234/38
f  304/233/47 245/234/38 248/236/33
f  304/233/47 248/236/33 306/237/64
f  248/236/33 250/238/58 306/237/64
f  306/237/64 250/238/58 308/239/104
f  250/238/58 252/240/58 308/239/104
f  349/237/96 264/240/19 261/238/88
f  349/237/96 351/239/112 264/240/19
f  353/233/111 349/237/96 265/236/41
f  265/236/41 349/237/96 261/238/88
f  353/233/111 265/236/41 267/234/90
f  353/233/111 267/234/90 354/235/64
f  328/236/56 278/235/13 277/233/95
f  328/236/56 327/234/90 278/235/13
f  328/236/56 277/233/95 281/237/96
f  328/236/56 281/237/96 329/238/27
f  281/237/96 284/239/37 329/238/27
f  329/238/27 284/239/37 332/240/81
f  320/236/99 333/233/108 335/235/18
f  320/236/99 335/235/18 318/234/71
f  320/236/99 337/237/64 333/233/108
f  320/236/99 321/238/107 337/237/64
f  337/237/64 321/238/107 340/239/13
f  321/238/107 324/240/58 340/239/13
f  327/165/90 326/163/91 280/166/86
f  278/164/13 327/165/90 280/166/86
f  309/164/13 239/163/78 310/165/97
f  237/166/42 239/163/78 309/164/13
f  301/165/18 303/164/102 246/166/82
f  245/163/38 301/165/18 246/166/82
f  290/163/2 363/165/84 364/164/53
f  290/163/2 364/164/53 292/166/20
f  295/165/90 294/163/67 343/166/86
f  295/165/90 343/166/86 342/164/64
f  270/165/93 254/166/23 271/163/79
f  270/165/93 255/164/84 254/166/23
f  485/34/104 486/34/101 487/241/104
f  485/34/104 487/241/104 488/34/65
f  486/34/101 489/241/101 487/241/104
f  489/241/101 486/34/101 490/241/71
f  486/34/101 491/34/141 490/241/71
f  487/241/104 492/241/133 488/34/65
f  488/39/65 492/242/133 491/39/141
f  491/39/141 492/242/133 490/242/71
f  318/165/71 336/166/23 319/163/20
f  335/164/18 336/166/23 318/165/71
f  267/165/90 356/166/28 354/164/64
f  267/165/90 268/163/91 356/166/28
f  493/243/60 494/244/142 495/243/143
f  496/245/50 497/246/142 498/245/143
f  499/247/116 500/247/116 501/248/6
f  493/243/60 502/249/42 494/244/142
f  493/243/60 275/250/107 502/249/42
f  496/245/50 494/244/142 497/246/142
f  496/245/50 495/243/143 494/244/142
f  498/245/143 497/246/142 501/248/6
f  500/247/116 498/245/143 501/248/6
f  499/247/116 501/248/6 503/251/138
f  499/247/116 503/251/138 308/252/13
f  504/243/120 505/243/2 506/244/141
f  507/245/35 508/245/2 509/246/141
f  510/247/68 511/248/16 512/247/68
f  504/243/120 506/244/141 513/249/26
f  504/243/120 513/249/26 299/250/27
f  507/245/35 509/246/141 506/244/141
f  507/245/35 506/244/141 505/243/2
f  508/245/2 511/248/16 509/246/141
f  512/247/68 511/248/16 508/245/2
f  510/247/68 514/251/11 511/248/16
f  510/247/68 515/252/37 514/251/11
f  417/253/128 503/254/138 418/255/18
f  417/253/128 308/256/13 503/254/138
f  275/256/107 419/255/2 502/254/42
f  275/256/107 420/253/129 419/255/2
f  413/253/69 415/255/13 514/254/11
f  413/253/69 514/254/11 515/256/37
f  299/256/27 513/254/26 414/255/14
f  299/256/27 414/255/14 416/253/42
f  496/257/50 498/258/143 500/259/116
f  496/257/50 493/260/60 495/261/143
f  496/257/50 500/259/116 499/262/116
f  275/263/107 417/264/128 420/265/129
f  493/260/60 417/264/128 275/263/107
f  499/262/116 308/266/13 417/264/128
f  496/257/50 499/262/116 417/264/128
f  496/257/50 417/264/128 493/260/60
f  507/257/35 512/259/68 508/258/2
f  507/257/35 505/261/2 504/260/120
f  507/257/35 510/262/68 512/259/68
f  299/263/27 416/265/42 413/264/69
f  504/260/120 299/263/27 413/264/69
f  510/262/68 413/264/69 515/266/37
f  507/257/35 413/264/69 510/262/68
f  507/257/35 504/260/120 413/264/69
f  208/267/62 516/268/63 203/269/63
f  201/270/54 203/269/63 516/268/63
f  201/270/54 516/268/63 517/271/144
f  517/271/144 205/272/64 201/270/54
f  205/272/64 517/271/144 518/273/12
f  205/272/64 518/273/12 204/274/139
f  204/274/139 518/273/12 519/275/139
f  204/274/139 520/276/145 202/277/16
f  204/274/139 519/275/139 520/276/145
f  202/277/16 520/276/145 521/278/93
f  202/277/16 521/278/93 206/279/93
f  521/278/93 207/280/9 206/279/93
f  207/280/9 521/278/93 522/281/21
f  208/282/62 207/280/9 522/281/21
f  208/282/62 522/281/21 523/283/62
f  208/282/62 523/283/62 516/284/63
f  214/267/136 212/269/8 524/268/8
f  209/270/16 524/268/8 212/269/8
f  209/270/16 525/271/146 524/268/8
f  525/271/146 209/270/16 211/272/110
f  211/272/110 526/273/17 525/271/146
f  211/272/110 210/274/45 526/273/17
f  210/274/45 527/275/45 526/273/17
f  210/274/45 213/277/6 528/276/147
f  210/274/45 528/276/147 527/275/45
f  213/277/6 216/279/125 529/278/125
f  213/277/6 529/278/125 528/276/147
f  529/278/125 216/279/125 215/280/56
f  215/280/56 530/281/75 529/278/125
f  214/282/136 530/281/75 215/280/56
f  214/282/136 531/283/136 530/281/75
f  214/282/136 524/284/8 531/283/136
f  528/285/131 529/286/23 524/287/23
f  525/288/91 528/285/131 524/287/23
f  525/288/20 527/289/20 528/285/131
f  524/287/23 529/286/23 530/290/148
f  524/287/23 530/290/148 531/291/148
f  525/288/20 526/292/20 527/289/20
f  520/285/148 516/287/86 521/286/86
f  517/288/29 516/287/86 520/285/148
f  517/288/91 520/285/148 519/289/91
f  516/287/86 522/290/17 521/286/86
f  516/287/86 523/291/17 522/290/17
f  517/288/91 519/289/91 518/292/91
f  532/293/31 533/294/47 235/295/108
f  235/295/108 231/296/126 532/293/31
f  534/297/109 532/293/31 231/296/126
f  533/294/47 535/298/77 236/299/77
f  236/299/77 235/295/108 533/294/47
f  535/298/77 536/300/73 234/301/34
f  234/301/34 236/299/77 535/298/77
f  536/300/73 537/302/135 233/303/33
f  233/303/33 234/301/34 536/300/73
f  537/302/135 538/304/4 232/305/1
f  232/305/1 233/303/33 537/302/135
f  538/304/4 539/306/106 230/307/24
f  230/307/24 232/305/1 538/304/4
f  539/306/106 540/308/131 227/309/131
f  227/309/131 230/307/24 539/306/106
f  231/296/126 229/310/29 534/297/109
f  541/311/148 534/297/109 229/310/29
f  229/310/29 228/312/53 541/311/148
f  540/313/131 541/311/148 228/312/53
f  228/312/53 227/314/131 540/313/131
f  542/315/23 225/295/29 543/316/86
f  225/295/29 542/315/23 221/317/23
f  544/318/131 221/317/23 542/315/23
f  226/299/126 543/316/86 225/295/29
f  543/316/86 226/299/126 545/298/31
f  224/301/108 545/298/31 226/299/126
f  545/298/31 224/301/108 546/300/47
f  223/303/76 546/300/47 224/301/108
f  546/300/47 223/303/76 547/302/77
f  222/319/5 547/302/77 223/303/76
f  547/302/77 222/319/5 548/304/5
f  220/320/33 548/304/5 222/319/5
f  548/304/5 220/320/33 549/321/74
f  217/322/1 549/321/74 220/320/33
f  549/321/74 217/322/1 550/323/4
f  221/317/23 544/318/131 218/324/20
f  551/325/106 218/324/20 544/318/131
f  218/324/20 551/325/106 219/312/24
f  550/326/4 219/312/24 551/325/106
f  219/312/24 550/326/4 217/327/1
f  395/328/85 533/329/121 397/330/110
f  396/331/112 535/332/57 395/328/85
f  535/332/57 533/329/121 395/328/85
f  533/329/121 532/333/110 397/330/110
f  397/330/110 532/333/110 398/334/103
f  532/333/110 534/335/103 398/334/103
f  398/334/103 534/335/103 399/336/122
f  534/335/103 541/337/25 399/336/122
f  399/336/122 541/337/25 400/338/119
f  541/337/25 540/339/119 400/338/119
f  536/340/37 535/332/57 396/331/112
f  404/341/68 536/340/37 396/331/112
f  537/342/38 536/340/37 404/341/68
f  403/343/120 537/342/38 404/341/68
f  538/344/19 537/342/38 403/343/120
f  402/345/19 538/344/19 403/343/120
f  539/346/71 538/344/19 402/345/19
f  401/347/26 539/346/71 402/345/19
f  540/348/119 539/346/71 401/347/26
f  400/349/119 540/348/119 401/347/26
f  368/334/43 370/336/118 543/335/83
f  369/330/45 368/334/43 545/333/117
f  545/333/117 368/334/43 543/335/83
f  543/335/83 370/336/118 542/337/70
f  370/336/118 372/338/80 542/337/70
f  542/337/70 372/338/80 544/339/79
f  546/329/114 369/330/45 545/333/117
f  384/328/13 369/330/45 546/329/114
f  547/332/116 384/328/13 546/329/114
f  382/331/116 384/328/13 547/332/116
f  548/340/50 382/331/116 547/332/116
f  380/341/60 382/331/116 548/340/50
f  549/342/59 380/341/60 548/340/50
f  378/343/115 380/341/60 549/342/59
f  550/344/42 378/343/115 549/342/59
f  376/345/42 378/343/115 550/344/42
f  551/346/62 376/345/42 550/344/42
f  374/347/62 376/345/42 551/346/62
f  544/348/79 374/347/62 551/346/62
f  372/349/80 374/347/62 544/348/79
f  167/350/29 166/351/29 174/352/29
f  166/351/29 175/353/29 174/352/29
f  166/351/46 168/354/46 175/353/46
f  168/354/46 176/355/46 175/353/46
f  168/354/12 171/356/12 176/355/12
f  171/356/12 179/357/12 176/355/12
f  171/358/73 172/359/73 179/360/73
f  172/359/73 180/361/73 179/360/73
f  180/361/27 169/362/27 177/363/27
f  180/361/27 172/359/27 169/362/27
f  169/362/73 170/364/73 177/363/73
f  170/364/73 178/365/73 177/363/73
f  178/365/27 170/364/27 165/366/27
f  165/366/27 173/367/27 178/365/27
f  165/366/21 167/350/21 173/367/21
f  173/367/21 167/350/21 174/352/21
f  158/368/87 183/369/87 159/370/87
f  159/370/87 183/369/87 182/371/87
f  159/370/105 182/371/105 160/372/105
f  160/372/105 182/371/105 184/373/105
f  160/372/94 184/373/94 163/374/94
f  163/374/94 184/373/94 187/375/94
f  163/376/24 187/377/24 164/378/24
f  164/378/24 187/377/24 188/379/24
f  188/379/127 185/380/127 161/381/127
f  188/379/127 161/381/127 164/378/127
f  161/381/24 185/380/24 162/382/24
f  162/382/24 185/380/24 186/383/24
f  186/383/127 157/384/127 162/382/127
f  157/384/127 186/383/127 181/385/127
f  157/384/102 181/385/102 158/368/102
f  181/385/102 183/369/102 158/368/102
f  552/386/16 553/387/16 554/388/16
f  553/387/16 555/389/16 554/388/16
f  554/388/16 555/389/16 556/390/16
f  557/391/100 1/1/100 552/392/100
f  552/392/100 1/1/100 3/3/100
f  552/392/100 3/3/100 200/393/100
f  556/394/86 555/395/86 558/396/86
f  556/394/86 558/396/86 559/397/86
f  552/398/102 554/399/102 557/400/102
f  557/400/102 554/399/102 560/401/102
f  554/399/127 556/402/127 560/401/127
f  560/401/127 556/402/127 559/403/127
f  200/404/86 553/405/86 552/406/86
f  200/404/86 199/407/86 553/405/86
f  561/41/6 562/41/90 563/40/130
f  564/41/144 561/41/6 565/40/104
f  561/41/6 563/40/130 565/40/104
f  562/41/90 566/40/80 563/40/130
f  567/32/16 568/41/146 569/35/149
f  569/35/149 568/41/146 570/242/52
f  568/41/146 571/40/150 570/242/52
f  572/32/128 573/41/85 567/32/16
f  567/32/16 573/41/85 568/41/146
f  573/41/85 574/40/32 568/41/146
f  568/41/146 575/40/134 571/40/150
f  568/41/146 574/40/32 575/40/134
f  563/40/130 566/40/80 576/40/78
f  565/40/104 563/40/130 577/40/45
f  563/40/130 576/40/78 578/40/43
f  563/40/130 578/40/43 577/40/45
f  578/35/43 576/38/78 579/35/86
f  577/39/45 578/35/43 579/35/86
f  576/38/78 580/38/102 579/35/86
f  571/38/150 579/35/86 580/38/102
f  575/35/134 579/35/86 571/38/150
f  574/39/32 579/35/86 575/35/134
f  581/37/31 579/35/86 574/39/32
f  581/37/31 577/39/45 579/35/86
f  562/408/90 582/408/100 566/409/80
f  582/408/100 583/409/22 566/409/80
f  582/408/100 570/409/52 583/409/22
f  566/409/80 583/409/22 576/49/78
f  583/409/22 580/49/102 576/49/78
f  570/409/52 571/49/150 583/409/22
f  583/409/22 571/49/150 580/49/102
f  569/50/149 570/49/52 582/50/100
f  584/408/95 585/409/12 572/408/128
f  584/408/95 564/408/144 585/409/12
f  572/408/128 585/409/12 573/409/85
f  585/409/12 574/51/32 573/409/85
f  585/409/12 581/51/31 574/51/32
f  564/408/144 565/409/104 585/409/12
f  585/409/12 565/409/104 577/51/45
f  585/409/12 577/51/45 581/51/31
f  197/410/63 2/411/63 586/412/63
f  2/411/63 560/413/63 586/412/63
f  2/411/63 1/414/63 557/415/63
f  2/411/63 557/415/63 560/413/63
f  586/412/63 560/413/63 558/416/63
f  560/413/63 559/417/63 558/416/63
f  199/418/95 198/101/95 553/419/95
f  198/101/95 197/103/95 553/419/95
f  553/419/95 197/103/95 586/420/95
f  553/419/12 586/420/12 555/421/12
f  586/420/12 558/422/12 555/421/12
f  587/386/63 588/388/63 589/387/63
f  589/387/63 588/388/63 590/389/63
f  588/388/63 591/390/63 590/389/63
f  592/423/1 587/424/1 593/425/1
f  587/424/1 594/426/1 593/425/1
f  587/424/1 595/427/1 594/426/1
f  593/425/36 594/426/36 596/428/36
f  596/428/36 594/426/36 597/429/59
f  596/428/33 597/429/59 598/430/33
f  598/430/33 597/429/59 599/431/33
f  591/432/131 600/433/131 590/434/131
f  591/432/131 601/435/131 600/433/131
f  587/436/21 592/398/21 588/437/21
f  592/398/21 602/438/21 588/437/21
f  588/437/27 602/438/27 591/439/27
f  602/438/27 601/402/27 591/439/27
f  595/440/127 587/441/127 589/442/127
f  595/440/127 589/442/127 603/443/127
f  604/444/151 605/32/2 606/34/1
f  607/42/126 608/42/117 609/43/109
f  608/42/117 610/43/152 609/43/109
f  609/43/109 610/43/152 611/32/70
f  609/43/109 611/32/70 612/32/148
f  609/43/109 612/32/148 613/32/67
f  607/42/126 609/43/109 614/37/110
f  614/37/110 609/43/109 615/39/134
f  609/43/109 613/32/67 615/39/134
f  616/35/25 617/35/127 618/38/26
f  613/39/67 617/35/127 616/35/25
f  618/38/26 617/35/127 619/38/21
f  620/38/15 619/38/21 617/35/127
f  621/35/80 620/38/15 617/35/127
f  611/39/70 621/35/80 617/35/127
f  612/37/148 611/39/70 617/35/127
f  612/37/148 617/35/127 613/39/67
f  622/408/66 623/409/137 604/408/151
f  614/408/110 615/409/134 622/408/66
f  622/408/66 615/409/134 623/409/137
f  604/408/151 623/409/137 605/409/2
f  606/408/1 605/409/2 624/409/88
f  623/409/137 618/51/26 605/409/2
f  605/409/2 618/51/26 624/409/88
f  625/408/42 606/408/1 626/409/101
f  606/408/1 624/409/88 626/409/101
f  624/409/88 618/51/26 619/51/21
f  626/409/101 624/409/88 620/51/15
f  624/409/88 619/51/21 620/51/15
f  623/409/137 616/51/25 618/51/26
f  615/409/134 613/51/67 623/409/137
f  623/409/137 613/51/67 616/51/25
f  627/50/6 625/50/42 628/49/153
f  608/50/117 627/50/6 610/49/152
f  627/50/6 628/49/153 610/49/152
f  625/50/42 626/49/101 628/49/153
f  628/445/153 626/445/101 620/46/15
f  628/445/153 620/46/15 621/46/80
f  610/445/152 628/445/153 611/46/70
f  628/445/153 621/46/80 611/46/70
f  598/446/16 629/410/16 596/411/16
f  629/410/16 630/412/16 596/411/16
f  596/411/16 630/412/16 602/447/16
f  596/411/16 602/447/16 592/415/16
f  596/411/16 592/415/16 593/414/16
f  630/412/16 600/416/16 602/447/16
f  602/447/16 600/416/16 601/448/16
f  595/92/63 603/449/63 594/89/63
f  594/89/63 603/449/63 597/87/59
f  631/86/63 597/87/59 603/449/63
f  597/87/59 631/86/63 599/88/63
f  603/450/126 589/451/126 631/452/126
f  631/452/126 589/451/126 629/453/126
f  589/451/126 630/454/126 629/453/126
f  631/452/46 629/453/46 599/455/46
f  599/455/46 629/453/46 598/456/46
f  589/451/109 590/457/109 630/454/109
f  630/454/109 590/457/109 600/458/109
f  632/459/33 633/460/33 634/461/33
f  634/461/33 635/462/33 632/459/33
f  636/463/12 637/464/12 638/465/12
f  639/466/12 636/463/12 638/465/12
f  635/461/49 636/463/36 639/466/49
f  635/461/49 639/466/49 632/460/36
f  640/467/21 641/468/21 642/469/21
f  643/470/21 641/468/21 640/467/21
f  634/459/88 633/462/88 643/470/88
f  634/459/88 643/470/88 640/467/88
f  644/35/63 645/35/14 646/38/80
f  644/35/63 646/38/80 647/38/130
f  644/35/63 647/38/130 648/38/138
f  649/35/54 644/35/63 648/38/138
f  650/39/124 644/35/63 649/35/54
f  651/37/125 644/35/63 650/39/124
f  651/37/125 652/39/101 644/35/63
f  652/39/101 645/35/14 644/35/63
f  653/35/16 654/38/52 655/35/141
f  653/35/16 656/38/154 654/38/52
f  653/35/16 657/38/121 656/38/154
f  658/35/11 657/38/121 653/35/16
f  659/39/112 658/35/11 653/35/16
f  660/37/123 659/39/112 653/35/16
f  660/37/123 653/35/16 661/39/2
f  661/39/2 653/35/16 655/35/141
f  645/45/14 662/45/20 646/45/80
f  662/45/20 663/52/91 646/45/80
f  664/44/4 662/45/20 652/44/101
f  652/44/101 662/45/20 645/45/14
f  662/45/20 665/45/9 666/52/22
f  662/45/20 666/52/22 663/52/91
f  664/44/4 665/45/9 662/45/20
f  664/44/4 667/44/27 665/45/9
f  665/45/9 654/45/52 666/52/22
f  667/44/27 661/44/2 665/45/9
f  661/44/2 655/45/141 665/45/9
f  646/45/80 663/52/91 668/45/155
f  663/52/91 666/52/22 669/45/28
f  663/52/91 669/45/28 668/45/155
f  648/44/138 647/45/130 668/45/155
f  648/44/138 668/45/155 670/44/97
f  670/44/97 668/45/155 669/45/28
f  671/44/31 670/44/97 669/45/28
f  654/45/52 669/45/28 666/52/22
f  657/44/121 671/44/31 669/45/28
f  657/44/121 669/45/28 656/45/154
f  646/45/80 668/45/155 647/45/130
f  672/45/64 649/45/54 648/45/138
f  672/45/64 648/45/138 670/52/97
f  673/44/49 650/44/124 672/45/64
f  650/44/124 649/45/54 672/45/64
f  674/45/76 672/45/64 671/52/31
f  672/45/64 670/52/97 671/52/31
f  673/44/49 672/45/64 674/45/76
f  675/44/36 673/44/49 674/45/76
f  674/45/76 671/52/31 657/45/121
f  675/44/36 674/45/76 659/44/112
f  659/44/112 674/45/76 658/45/11
f  676/45/107 651/45/125 650/44/124
f  676/45/107 650/44/124 673/44/49
f  677/45/99 676/45/107 675/44/36
f  676/45/107 673/44/49 675/44/36
f  677/45/99 675/44/36 659/44/112
f  677/45/99 659/44/112 660/45/123
f  676/45/107 664/45/4 652/45/101
f  676/45/107 652/45/101 651/45/125
f  676/45/107 677/45/99 667/45/27
f  677/45/99 660/45/123 661/45/2
f  676/45/107 667/45/27 664/45/4
f  677/45/99 661/45/2 667/45/27
f  655/45/141 654/45/52 665/45/9
f  654/45/52 656/45/154 669/45/28
f  674/45/76 657/45/121 658/45/11
f  636/471/63 635/472/63 678/473/63
f  636/471/63 678/473/63 637/474/63
f  635/472/63 634/475/63 678/473/63
f  640/476/63 642/477/63 678/473/63
f  640/476/63 678/473/63 634/475/63
f  639/471/16 638/474/16 679/473/16
f  639/471/16 679/473/16 632/472/16
f  643/476/16 633/475/16 679/473/16
f  643/476/16 679/473/16 641/477/16
f  679/473/16 633/475/16 632/472/16
f  680/478/125 681/479/56 682/480/125
f  683/481/60 680/478/125 682/480/125
f  681/479/56 684/482/56 682/480/125
f  681/479/56 685/483/41 684/482/56
f  681/479/56 686/484/41 685/483/41
f  683/481/60 682/480/125 687/485/60
f  688/486/50 683/481/60 689/487/50
f  683/481/60 687/485/60 689/487/50
f  690/488/105 688/486/50 691/489/105
f  688/486/50 689/487/50 691/489/105
f  690/488/105 691/489/105 692/490/96
f  692/490/96 691/489/105 693/491/96
f  692/490/96 693/491/96 694/492/51
f  694/492/51 693/491/96 695/493/51
f  694/492/51 695/493/51 696/494/123
f  694/492/51 696/494/123 697/495/123
f  698/496/120 696/494/123 699/497/120
f  697/495/123 696/494/123 698/496/120
f  698/496/120 699/497/120 700/498/19
f  698/496/120 700/498/19 701/499/19
f  701/499/19 700/498/19 702/500/88
f  701/499/19 702/500/88 703/501/88
f  686/484/41 702/500/88 685/483/41
f  686/484/41 703/501/88 702/500/88
f  683/481/33 681/479/33 680/478/33
f  688/486/33 686/484/33 681/479/33
f  688/486/33 681/479/33 683/481/33
f  690/488/33 686/484/33 688/486/33
f  690/488/33 703/501/33 686/484/33
f  690/488/33 701/499/33 703/501/33
f  690/488/33 692/490/33 701/499/33
f  692/490/33 694/492/33 701/499/33
f  694/492/33 698/496/33 701/499/33
f  694/492/33 697/495/33 698/496/33
f  704/502/33 705/503/33 706/504/33
f  704/502/33 706/504/33 707/505/33
f  708/506/33 704/502/33 707/505/33
f  708/506/33 707/505/33 709/507/33
f  710/508/33 708/506/33 709/507/33
f  710/508/33 709/507/33 711/509/33
f  710/508/33 711/509/33 712/510/33
f  712/510/33 711/509/33 713/511/33
f  712/510/33 713/511/33 714/512/33
f  714/512/33 713/511/33 715/513/33
f  705/513/154 716/514/154 717/515/137
f  705/513/154 718/516/133 716/514/154
f  705/513/154 717/515/137 706/515/137
f  707/517/119 717/515/137 719/517/119
f  706/515/137 717/515/137 707/517/119
f  707/517/119 719/517/119 709/518/100
f  709/518/100 719/517/119 720/518/100
f  711/519/89 709/518/100 721/519/89
f  713/520/90 711/519/89 722/521/90
f  711/519/89 721/519/89 722/521/90
f  709/518/100 720/518/100 721/519/89
f  715/522/130 713/520/90 722/521/90
f  715/522/130 722/521/90 723/523/130
f  714/524/147 715/522/130 724/525/147
f  715/522/130 723/523/130 724/525/147
f  712/526/114 714/524/147 724/525/147
f  712/526/114 724/525/147 725/526/114
f  710/527/87 712/526/114 725/526/114
f  710/527/87 725/526/114 726/527/87
f  710/527/87 726/527/87 727/528/65
f  710/527/87 727/528/65 708/528/65
f  708/528/65 727/528/65 718/516/133
f  708/528/65 718/516/133 704/516/133
f  704/516/133 718/516/133 705/513/154
f  718/516/29 717/515/29 716/514/29
f  727/528/29 717/515/29 718/516/29
f  727/528/29 719/517/29 717/515/29
f  726/527/29 719/517/29 727/528/29
f  726/527/29 720/518/29 719/517/29
f  726/527/29 721/519/29 720/518/29
f  726/527/29 725/526/29 721/519/29
f  725/526/29 724/525/29 721/519/29
f  724/525/29 722/521/29 721/519/29
f  724/525/29 723/523/29 722/521/29
f  728/529/16 729/530/154 730/531/52
f  728/529/16 730/531/52 731/532/149
f  728/529/16 732/533/121 729/530/154
f  729/530/154 733/534/103 730/531/52
f  732/533/121 733/534/103 729/530/154
f  731/532/149 730/531/52 734/535/100
f  730/531/52 733/534/103 735/536/67
f  733/534/103 736/537/29 735/536/67
f  737/538/17 736/537/29 733/534/103
f  732/533/121 737/538/17 733/534/103
f  735/536/67 736/537/29 738/539/23
f  730/531/52 735/536/67 739/540/127
f  739/540/127 735/536/67 738/539/23
f  740/541/53 738/539/23 736/537/29
f  739/540/127 738/539/23 740/541/53
f  734/535/100 730/531/52 739/540/127
f  734/535/100 739/540/127 741/542/80
f  741/542/80 739/540/127 740/541/53
f  742/543/83 740/541/53 736/537/29
f  741/542/80 740/541/53 742/543/83
f  743/544/72 744/545/79 741/542/80
f  743/544/72 741/542/80 745/546/130
f  744/545/79 734/535/100 741/542/80
f  745/546/130 741/542/80 742/543/83
f  746/547/113 742/543/83 736/537/29
f  747/548/138 745/546/130 742/543/83
f  747/548/138 742/543/83 746/547/113
f  743/544/72 745/546/130 747/548/138
f  748/549/126 746/547/113 736/537/29
f  749/550/46 747/548/138 746/547/113
f  749/550/46 746/547/113 748/549/126
f  748/549/126 736/537/29 737/538/17
f  749/550/46 748/549/126 737/538/17
f  750/551/87 747/548/138 749/550/46
f  750/551/87 749/550/46 732/533/121
f  749/550/46 737/538/17 732/533/121
f  750/551/87 751/552/104 747/548/138
f  750/551/87 732/533/121 752/553/85
f  751/552/104 743/544/72 747/548/138
f  752/553/85 732/533/121 728/529/16
f  753/554/108 754/555/108 755/556/108
f  755/556/108 754/555/108 756/557/108
f  757/558/86 758/559/86 756/557/86
f  758/559/86 755/556/86 756/557/86
f  759/560/31 760/561/31 757/558/31
f  757/558/31 760/561/31 758/559/31
f  761/562/36 762/563/36 759/560/36
f  759/560/36 762/563/36 760/561/36
f  763/564/73 764/565/73 761/562/73
f  761/562/73 764/565/73 762/563/73
f  765/566/76 766/567/76 763/564/76
f  763/564/76 766/567/76 764/565/76
f  759/568/7 757/569/7 761/570/7
f  757/569/7 763/571/7 761/570/7
f  757/569/7 756/572/7 763/571/7
f  763/571/7 756/572/7 765/573/7
f  767/574/7 765/573/7 756/572/7
f  767/574/7 756/572/7 768/575/7
f  756/572/7 769/576/7 768/575/7
f  769/576/7 756/572/7 770/577/7
f  756/572/7 754/578/7 771/579/7
f  756/572/7 771/579/7 772/580/7
f  756/572/7 772/580/7 770/577/7
f  760/568/6 762/570/6 758/569/6
f  758/569/6 762/570/6 764/571/6
f  758/569/6 764/571/6 755/572/6
f  764/571/6 766/573/6 755/572/6
f  773/574/6 755/572/6 766/573/6
f  773/574/6 774/575/6 755/572/6
f  755/572/6 774/575/6 775/576/6
f  775/576/6 776/577/6 755/572/6
f  755/572/6 777/579/6 753/578/6
f  755/572/6 778/580/6 777/579/6
f  755/572/6 776/577/6 778/580/6
f  753/554/86 771/581/86 754/555/86
f  753/554/86 777/582/86 771/581/86
f  772/583/20 771/581/20 777/582/20
f  777/582/20 778/584/20 772/583/20
f  770/585/24 772/583/24 778/584/24
f  770/585/24 778/584/24 776/586/24
f  767/587/1 773/588/74 765/566/33
f  774/589/1 767/587/1 768/590/74
f  774/589/1 773/588/74 767/587/1
f  765/566/33 773/588/74 766/567/33
f  769/591/73 775/592/33 768/593/74
f  770/585/5 776/586/5 769/591/73
f  769/591/73 776/586/5 775/592/33
f  768/593/74 775/592/33 774/594/1
f  779/595/6 780/596/6 781/597/6
f  780/596/6 782/598/6 781/597/6
f  780/599/20 783/600/20 782/598/20
f  783/600/20 784/601/20 782/598/20
f  785/601/86 781/598/86 782/597/86
f  785/601/86 782/597/86 784/602/86
f  786/603/31 779/604/31 781/597/31
f  786/603/31 781/597/31 785/602/31
f  786/605/7 785/602/7 783/606/7
f  783/606/7 785/602/7 784/601/7
f  787/607/6 788/608/6 789/609/6
f  787/607/6 790/610/6 788/608/6
f  791/611/6 790/610/6 787/607/6
f  792/612/6 790/610/6 791/611/6
f  792/612/6 793/613/6 790/610/6
f  793/613/6 794/614/6 790/610/6
f  795/615/63 796/616/63 797/617/63
f  796/616/63 798/618/63 797/617/63
f  795/615/4 799/619/4 796/616/4
f  799/619/4 800/620/4 796/616/4
f  796/616/20 800/620/20 798/618/20
f  800/620/20 801/621/20 798/618/20
f  798/618/148 802/622/148 797/617/148
f  798/618/148 801/621/148 802/622/148
f  799/619/141 802/622/141 800/620/141
f  800/620/141 802/622/141 801/621/141
f  190/623/29 789/624/29 191/625/29
f  789/624/29 788/626/29 191/625/29
f  794/627/106 196/628/106 790/629/106
f  790/629/106 196/628/106 192/630/106
f  790/629/20 192/630/20 788/626/20
f  788/626/20 192/630/20 191/625/20
f  194/631/47 792/632/47 193/633/47
f  792/632/47 791/634/47 193/633/47
f  193/633/86 791/634/86 189/635/86
f  791/634/86 787/636/86 189/635/86
f  189/635/47 787/636/47 190/623/47
f  190/623/47 787/636/47 789/624/47
f  195/637/77 793/638/77 194/631/77
f  793/638/77 792/632/77 194/631/77
f  196/639/33 794/640/33 195/637/33
f  794/640/33 793/638/33 195/637/33
f  803/76/6 804/641/6 805/77/6
f  803/76/6 806/79/6 804/641/6
f  807/642/6 806/79/6 803/76/6
f  808/81/6 806/79/6 807/642/6
f  808/81/6 809/82/6 806/79/6
f  809/82/6 810/83/6 806/79/6
f  811/607/7 812/609/7 813/643/7
f  811/607/7 813/643/7 814/610/7
f  815/611/7 811/607/7 814/610/7
f  816/612/7 815/611/7 814/610/7
f  816/612/7 814/610/7 817/613/7
f  817/613/7 814/610/7 818/614/7
f  819/644/141 820/645/141 821/646/141
f  821/646/141 820/645/141 822/647/141
f  819/644/4 821/646/4 823/648/4
f  823/648/4 821/646/4 824/649/4
f  821/646/20 822/647/20 824/649/20
f  824/649/20 822/647/20 825/650/20
f  822/647/148 820/645/148 826/651/148
f  822/647/148 826/651/148 825/650/148
f  823/648/63 824/649/63 826/651/63
f  824/649/63 825/650/63 826/651/63
f  805/652/29 804/653/29 812/654/29
f  812/654/29 804/653/29 813/655/29
f  818/656/106 814/657/106 810/658/106
f  814/657/106 806/659/106 810/658/106
f  814/657/20 813/655/20 806/659/20
f  813/655/20 804/653/20 806/659/20
f  808/660/47 807/661/47 816/662/47
f  816/662/47 807/661/47 815/663/47
f  807/661/86 803/664/86 815/663/86
f  815/663/86 803/664/86 811/665/86
f  803/664/47 805/652/47 811/665/47
f  805/652/47 812/654/47 811/665/47
f  809/666/77 808/660/77 817/667/77
f  817/667/77 808/660/77 816/662/77
f  810/668/33 809/666/33 818/669/33
f  818/669/33 809/666/33 817/667/33

